MeshAnim
1
56
65
30
0.9995791 0.02892246 -0.002256469 0
-0.02893685 0.9995593 -0.00662781 0
0.002063782 0.006690315 0.9999755 0
-0.01052301 0.7868007 0.01232408 1

0.9980088 -0.002545586 -0.06302359 0
-0.006262261 0.9902496 -0.1391631 0
0.06276335 0.1392807 0.9882619 0
0.05856046 0.749499 0.002679404 1

0.9957065 0.02010852 0.09035652 0
-0.008027429 0.9912002 -0.1321279 0
-0.09221829 0.1308352 0.9871059 0
-0.07913743 0.7455148 0.002990246 1

0.9996611 0.01243206 0.0228743 0
-0.008464517 0.9860871 -0.1660136 0
-0.02461994 0.1657637 0.9858581 0
-0.01267722 0.857327 0.002009607 1

0.9992282 -0.01401407 0.036698 0
0.004826782 0.9709224 0.2393459 0
-0.03898512 -0.238984 0.9702407 0
0.05573442 0.4201146 0.06413031 1

0.9980609 0.06069995 -0.01378033 0
-0.05462726 0.9603096 0.2735353 0
0.02983698 -0.2722522 0.9617632 0
-0.07197428 0.4157911 0.06222948 1

0.9987637 0.04514395 0.02081364 0
-0.04426231 0.9981769 -0.04103407 0
-0.02262814 0.04006207 0.9989409 0
-0.01321595 0.9366713 -0.02299817 1

0.9993285 -3.72529E-09 0.03663877 0
5.587935E-09 1 -6.40066E-08 0
-0.03663877 7.194467E-08 0.9993286 0
0.06110529 0.0892089 -0.04548405 1

0.9991214 1.303852E-08 -0.04191138 0
-2.04891E-08 1 7.48114E-08 0
0.04191135 -7.194467E-08 0.9991214 0
-0.05978142 0.0892083 -0.05916962 1

0.9967018 0.07742971 0.02429426 0
-0.07922526 0.9932565 0.08464545 0
-0.01757635 -0.08629102 0.996115 0
-0.01722866 1.030135 -0.03998096 1

0.9993285 7.450581E-09 0.03663877 0
6.891787E-08 0.9999999 -2.041823E-06 0
-0.03663877 2.054498E-06 0.9993285 0
0.0658703 0.004240751 0.02545505 1

0.9991214 5.587935E-09 -0.04191138 0
-8.698553E-06 1 -0.0002073141 0
0.04191136 0.0002074786 0.9991213 0
-0.06417204 0.004239976 0.01179362 1

0.9842424 -0.1179887 -0.1317024 0
0.1302379 0.9875153 0.08860926 0
0.1196032 -0.1043657 0.987321 0
0.01074596 1.120833 -0.04667 1

0.9580064 0.2841407 0.03856922 0
-0.2865714 0.9534199 0.0941679 0
-0.01001572 -0.1012663 0.9948089 0
-0.05905832 1.115374 -0.0479523 1

0.9996284 0.02725839 0.000259504 0
-0.02707856 0.9918481 0.1245158 0
0.003136716 -0.1244767 0.9922177 0
-0.02552116 1.136621 -0.0457311 1

0.9993285 7.450581E-09 0.03663877 0
6.891787E-08 0.9999999 -2.041823E-06 0
-0.03663877 2.054498E-06 0.9993285 0
0.06563904 0.004693806 0.08606017 1

0.9991214 5.587935E-09 -0.04191138 0
-8.698553E-06 1 -0.0002073141 0
0.04191136 0.0002074786 0.9991213 0
-0.063621 0.004705727 0.07239655 1

0.2465038 -0.9691417 -0.0006223672 0
0.6271521 0.1590282 0.7624896 0
-0.7388613 -0.188347 0.6470003 0
0.08219199 1.089165 -0.05909837 1

0.1425664 0.9888555 -0.04289132 0
-0.7600064 0.1371277 0.6352847 0
0.6340863 -0.05797258 0.7710863 0
-0.1254114 1.071788 -0.05263441 1

0.9990327 -0.01316234 -0.04195639 0
0.0146197 0.9992937 0.03461994 0
0.04147108 -0.03519985 0.9985196 0
-0.0268678 1.185878 -0.03229541 1

-0.07232019 -0.9591408 0.2735298 0
0.6239774 0.1704396 0.7626288 0
-0.7780889 0.2258298 0.5861559 0
0.1409268 0.9090111 -0.06702562 1

-0.02551754 0.966475 -0.2554902 0
-0.7581236 0.1478797 0.6351222 0
0.6516116 0.2098999 0.7289339 0
-0.1639934 0.8859513 -0.05544252 1

0.9990327 -0.01316234 -0.04195639 0
0.0146197 0.9992937 0.03461994 0
0.04147108 -0.03519985 0.9985196 0
-0.02376012 1.336449 -0.005534231 1

-0.0681939 -0.9712412 0.2281232 0
0.9967142 -0.0763413 -0.0270729 0
0.04370957 0.2255274 0.973256 0
0.1286422 0.7315952 -0.01743595 1

-0.08138742 0.9624221 -0.2590753 0
-0.9753251 -0.02338248 0.2195323 0
0.2052249 0.2705496 0.9405774 0
-0.159289 0.7077705 -0.008340062 1

-0.2154246 -0.9220088 0.3217021 0
0.9740828 -0.2261545 0.004118445 0
0.06895722 0.3142516 0.9468321 0
0.137706 0.6617012 -0.02514902 1

-0.1212586 -0.9422997 0.3120381 0
0.9909063 -0.1333814 -0.01772029 0
0.05831789 0.3070517 0.9499043 0
0.1398974 0.6593123 -0.01083858 1

-0.116234 -0.9466103 0.3006969 0
0.9918026 -0.1268003 -0.0157943 0
0.05307946 0.296396 0.953589 0
0.1370496 0.6609026 0.003746918 1

-0.1384089 -0.9514564 0.2749068 0
0.9892094 -0.1462779 -0.00822688 0
0.04804026 0.2708017 0.9614357 0
0.1346684 0.6638691 0.02030862 1

0.3031408 -0.943126 -0.1364518 0
0.9522916 0.3051155 0.006713335 0
0.03530206 -0.1319771 0.9906241 0
0.1151403 0.706081 0.003046774 1

-0.3471057 0.9110113 -0.2226576 0
-0.9168746 -0.2797441 0.2847527 0
0.1971257 0.3029883 0.9323838 0
-0.1704827 0.6376224 -0.01156976 1

-0.1943998 0.929501 -0.3134276 0
-0.9632245 -0.1204633 0.2401826 0
0.1854933 0.3485924 0.9187359 0
-0.1705257 0.6359617 0.003253996 1

-0.1029027 0.9495103 -0.2963803 0
-0.9742563 -0.03612383 0.2225304 0
0.2005886 0.3116493 0.9287835 0
-0.166465 0.6359898 0.01620847 1

-0.0669158 0.9582205 -0.278093 0
-0.9765483 -0.005734293 0.2152224 0
0.2046359 0.285973 0.9361324 0
-0.1591726 0.6408683 0.03119336 1

0.3018973 0.9406952 0.1547611 0
-0.9486686 0.2803812 0.1463366 0
0.09426603 -0.1909958 0.9770541 0
-0.141337 0.6822171 0.01021954 1

-0.5949415 -0.771421 0.2257311 0
0.7982257 -0.5999865 0.05340466 0
0.09423807 0.2119569 0.972725 0
0.1231686 0.6326073 -0.02080001 1

-0.5732361 -0.8018141 0.1688029 0
0.8178639 -0.572464 0.05816901 0
0.04999277 0.1714023 0.983932 0
0.1268568 0.628616 -0.005691449 1

-0.4875521 -0.8660193 0.1109205 0
0.8730896 -0.4832034 0.06502941 0
-0.002719734 0.1285487 0.9916995 0
0.1246668 0.6250279 0.01045612 1

-0.396394 -0.9015189 0.1735962 0
0.9176487 -0.3948592 0.04480075 0
0.02815738 0.1770591 0.9837976 0
0.1260372 0.6334516 0.02645017 1

0.3543959 -0.8583981 -0.370886 0
0.9348521 0.3342917 0.1195851 0
0.02133249 -0.3891041 0.9209468 0
0.110177 0.6798599 0.01251372 1

-0.6900679 0.7237039 0.007699107 0
-0.6887468 -0.6599292 0.3002029 0
0.2223388 0.2018575 0.9538444 0
-0.1567385 0.6092795 -0.01199842 1

-0.6064012 0.7919045 -0.07186973 0
-0.7727965 -0.5656502 0.2877944 0
0.1872523 0.2300593 0.9549918 0
-0.1579158 0.6051857 0.00662009 1

-0.360309 0.927472 -0.09986595 0
-0.9026049 -0.3195973 0.2883785 0
0.235546 0.1940448 0.9522945 0
-0.1565057 0.6012322 0.0219642 1

-0.2683472 0.9436198 -0.1938352 0
-0.9415984 -0.2144399 0.2596311 0
0.2034269 0.252186 0.9460548 0
-0.1532905 0.6103359 0.0375572 1

0.4067965 0.825386 0.3914776 0
-0.9104651 0.3313105 0.2475622 0
0.07463364 -0.4571342 0.8862608 0
-0.1345782 0.6549141 0.01753231 1

-0.9240914 -0.3771433 0.06179185 0
0.3797052 -0.9243866 0.03651217 0
0.04334919 0.05720332 0.9974211 0
0.1094033 0.6215004 -0.02113359 1

-0.7272397 -0.6860881 -0.02014335 0
0.6821156 -0.7256736 0.09009011 0
-0.07642736 0.05177697 0.9957299 0
0.1125655 0.6141191 -0.005234622 1

-0.6347876 -0.7726455 -0.007977308 0
0.76924 -0.6328965 0.08781656 0
-0.07289996 0.04960839 0.9961048 0
0.1111029 0.606768 0.01210836 1

-0.539243 -0.8372636 0.09059067 0
0.8421125 -0.5350694 0.06743448 0
-0.007988181 0.1126511 0.9936025 0
0.1155277 0.6153786 0.02879256 1

0.3921315 -0.8288345 -0.3990818 0
0.9190539 0.3716834 0.1311159 0
0.03965861 -0.4181925 0.9074923 0
0.1062669 0.6510222 0.01458749 1

-0.8962155 0.2291762 0.3798375 0
-0.1733014 -0.9690549 0.1757831 0
0.4083686 0.09171297 0.9081982 0
-0.1418924 0.5988722 -0.01568954 1

-0.7893487 0.5815951 0.1966625 0
-0.5277323 -0.8064418 0.2667408 0
0.313732 0.1067663 0.9434899 0
-0.1437686 0.5907019 0.004455982 1

-0.5905855 0.8055362 0.04817152 0
-0.7605572 -0.5755752 0.3004437 0
0.2697446 0.1408005 0.9525824 0
-0.1444263 0.5815804 0.02227522 1

-0.4033027 0.9065486 -0.1245671 0
-0.8910696 -0.3580996 0.2788548 0
0.2081879 0.2234608 0.9522203 0
-0.1456711 0.5908616 0.03985065 1

0.4504942 0.7653686 0.4596368 0
-0.8914196 0.3572103 0.2788765 0
0.04925635 -0.5353616 0.8431855 0
-0.1309337 0.6260954 0.01702078 1

-0.9240914 -0.3771433 0.06179185 0
0.3797052 -0.9243866 0.03651217 0
0.04334919 0.05720332 0.9974211 0
0.09166711 0.6145624 -0.02356011 1

-0.7272397 -0.6860881 -0.02014335 0
0.6821156 -0.7256736 0.09009011 0
-0.07642736 0.05177697 0.9957299 0
0.09475963 0.6033745 -0.006647636 1

-0.6347876 -0.7726455 -0.007977308 0
0.76924 -0.6328965 0.08781656 0
-0.07289996 0.04960839 0.9961048 0
0.09710705 0.5936536 0.01226263 1

-0.539243 -0.8372636 0.09059067 0
0.8421125 -0.5350694 0.06743448 0
-0.007988181 0.1126511 0.9936025 0
0.1035232 0.5995839 0.03015557 1

0.3921315 -0.8288345 -0.3990818 0
0.9190539 0.3716834 0.1311159 0
0.03965861 -0.4181925 0.9074923 0
0.1043245 0.6294303 0.01541369 1

-0.8962155 0.2291762 0.3798375 0
-0.1733014 -0.9690549 0.1757831 0
0.4083686 0.09171297 0.9081982 0
-0.1249299 0.5954843 -0.02242684 1

-0.7893487 0.5815951 0.1966625 0
-0.5277323 -0.8064418 0.2667408 0
0.313732 0.1067663 0.9434899 0
-0.1262844 0.581268 -0.0007277792 1

-0.5905855 0.8055362 0.04817152 0
-0.7605572 -0.5755752 0.3004437 0
0.2697446 0.1408005 0.9525824 0
-0.1306496 0.5662072 0.02054369 1

-0.4033027 0.9065486 -0.1245671 0
-0.8910696 -0.3580996 0.2788548 0
0.2081879 0.2234608 0.9522203 0
-0.1369999 0.5734771 0.0410457 1

0.4504942 0.7653686 0.4596368 0
-0.8914196 0.3572103 0.2788765 0
0.04925635 -0.5353616 0.8431855 0
-0.1300461 0.6052635 0.0151147 1

0.9995921 0.02834017 -0.003532444 0
-0.02837493 0.9995452 -0.01021309 0
0.003241396 0.01030916 0.9999416 0
-0.01043016 0.7869728 0.01168477 1

0.9986814 -0.001816059 -0.05130333 0
-0.005341591 0.9902731 -0.1390347 0
0.05105681 0.1391255 0.9889576 0
0.05862068 0.7495967 0.002094273 1

0.9952042 0.02113136 0.09550986 0
-0.00845206 0.9913124 -0.1312561 0
-0.09745374 0.1298194 0.9867369 0
-0.07907901 0.7456927 0.002580888 1

0.9997746 0.009186929 0.01914191 0
-0.006076423 0.9876378 -0.1566356 0
-0.02034427 0.156484 0.9874709 0
-0.01255629 0.8574625 0.001117527 1

0.9992487 -0.01386072 0.03619047 0
0.004840426 0.9711778 0.2383067 0
-0.03845048 -0.2379525 0.9705153 0
0.05531074 0.4201981 0.0634438 1

0.9981228 0.06087025 -0.006766875 0
-0.05674821 0.9607278 0.2716279 0
0.02303518 -0.270734 0.9623786 0
-0.0718535 0.4159226 0.06155308 1

0.9989356 0.04292658 0.01688155 0
-0.04230653 0.9984733 -0.03551427 0
-0.01838028 0.03476227 0.9992266 0
-0.01294737 0.9370416 -0.0231356 1

0.9993077 -0.0006526485 0.03719871 0
0.0006064661 0.999999 0.001252825 0
-0.0371995 -0.001229428 0.999307 0
0.0606623 0.08917606 -0.04582004 1

0.99971 -0.0007891953 -0.02406586 0
0.0007987861 0.9999996 0.0003893733 0
0.02406554 -0.0004084765 0.9997103 0
-0.05873708 0.08915174 -0.05924206 1

0.996883 0.07629797 0.0200697 0
-0.07775438 0.9932396 0.086193 0
-0.01335767 -0.08748484 0.9960763 0
-0.01683171 1.030603 -0.03960179 1

0.9993077 -0.0006525926 0.03719871 0
0.0005659536 0.999997 0.00233958 0
-0.03720014 -0.002316923 0.9993052 0
0.06533597 0.004116237 0.0250152 1

0.99971 -0.0007891916 -0.02406585 0
0.0008014087 0.9999995 0.0004982966 0
0.02406544 -0.0005174224 0.9997102 0
-0.06446191 0.004160345 0.0115984 1

0.9836233 -0.1189829 -0.1353826 0
0.1317181 0.9872533 0.08933724 0
0.1230272 -0.1057065 0.9867575 0
0.01121442 1.121278 -0.04630193 1

0.9584796 0.2830359 0.03474806 0
-0.2851026 0.9536068 0.09669805 0
-0.005766968 -0.1025899 0.9947069 0
-0.05860078 1.115898 -0.0472884 1

0.9996339 0.02686428 -0.003214926 0
-0.02623916 0.9915636 0.1269374 0
0.006597888 -0.1268066 0.9919055 0
-0.02503073 1.137105 -0.04518675 1

0.9993077 -0.0006525926 0.03719871 0
0.0005659536 0.999997 0.00233958 0
-0.03720014 -0.002316923 0.9993052 0
0.06507093 0.004427552 0.08562105 1

0.99971 -0.0007891916 -0.02406585 0
0.0008014087 0.9999995 0.0004982966 0
0.02406544 -0.0005174224 0.9997102 0
-0.06499266 0.004583716 0.07220183 1

0.2447454 -0.9695857 0.001848462 0
0.6322713 0.1610443 0.7578242 0
-0.7350733 -0.1843053 0.652456 0
0.082578 1.089542 -0.05902542 1

0.1422406 0.9886789 -0.04776539 0
-0.7611246 0.1400985 0.6332944 0
0.6328168 -0.0537248 0.7724355 0
-0.1250219 1.072391 -0.0517378 1

0.9989154 -0.01479569 -0.04414762 0
0.01630835 0.9992853 0.03410298 0
0.04361148 -0.03478597 0.9984428 0
-0.02631002 1.186331 -0.03163086 1

-0.0704749 -0.9584052 0.2765732 0
0.6291171 0.1724616 0.7579371 0
-0.7741092 0.2274124 0.5907947 0
0.140936 0.9092491 -0.06657511 1

-0.01799703 0.9675282 -0.2521218 0
-0.7592458 0.1508475 0.6330804 0
0.650555 0.2028159 0.731877 0
-0.1635243 0.8865266 -0.05364948 1

0.9989154 -0.01479569 -0.04414762 0
0.01630835 0.9992853 0.03410298 0
0.04361148 -0.03478597 0.9984428 0
-0.02290049 1.33691 -0.004949634 1

-0.06685946 -0.970234 0.232757 0
0.9970342 -0.07387841 -0.02155959 0
0.03811355 0.2306253 0.9722959 0
0.128986 0.7319666 -0.01642986 1

-0.07822075 0.9650048 -0.2502941 0
-0.9876375 -0.04079872 0.1513527 0
0.1358445 0.2590387 0.9562663 0
-0.1602064 0.7081516 -0.007168046 1

-0.2128877 -0.9218014 0.3239769 0
0.9750917 -0.2215607 0.01034064 0
0.06224854 0.3181086 0.9460085 0
0.1382698 0.6620578 -0.02373705 1

-0.1192596 -0.9414659 0.315308 0
0.9914982 -0.1295767 -0.0118816 0
0.0520426 0.3112102 0.9489151 0
0.1403936 0.6597479 -0.009403466 1

-0.1149416 -0.9455546 0.3044913 0
0.9922508 -0.1238468 -0.01002679 0
0.04719114 0.3009792 0.9524621 0
0.1374667 0.6614054 0.005158861 1

-0.1376067 -0.9503771 0.2790125 0
0.9895794 -0.1439692 -0.002337502 0
0.04239076 0.2757833 0.9602847 0
0.1349925 0.6644506 0.02169263 1

0.3066375 -0.9428042 -0.1307436 0
0.9513454 0.3079436 0.01061259 0
0.03025613 -0.1276366 0.9913594 0
0.1154446 0.7065225 0.004114038 1

-0.3518856 0.9079675 -0.227533 0
-0.9271308 -0.3046178 0.2182578 0
0.1288605 0.2877547 0.9489954 0
-0.1700675 0.6379072 -0.01216452 1

-0.1943896 0.931259 -0.3081707 0
-0.9739773 -0.1459165 0.1734264 0
0.1165377 0.3338636 0.9353897 0
-0.1711043 0.6360191 0.002595678 1

-0.1056094 0.9526193 -0.285242 0
-0.9857019 -0.06241208 0.156514 0
0.1312959 0.2976929 0.94559 0
-0.1679452 0.6359074 0.01579856 1

-0.07188818 0.9615915 -0.2649035 0
-0.9882006 -0.03265274 0.1496443 0
0.1352469 0.2725354 0.9525927 0
-0.1617769 0.6406603 0.03131912 1

0.2763936 0.9422063 0.1893503 0
-0.9605595 0.264581 0.08556987 0
0.03052605 -0.2055333 0.978174 0
-0.1431812 0.6825783 0.012219 1

-0.5911041 -0.7742949 0.2259716 0
0.8017858 -0.594598 0.05993924 0
0.0879516 0.216611 0.9722882 0
0.1238447 0.6329123 -0.0193588 1

-0.5699433 -0.8040053 0.1695289 0
0.8204953 -0.5679677 0.06480762 0
0.04418134 0.1760342 0.9833918 0
0.1274452 0.6290224 -0.00419817 1

-0.4849819 -0.8672438 0.1126094 0
0.8744856 -0.479713 0.07176485 0
-0.008217459 0.13328 0.9910443 0
0.1251575 0.6255247 0.01197033 1

-0.3951336 -0.9015818 0.1761239 0
0.9183453 -0.3924059 0.05157213 0
0.02261546 0.1821204 0.9830161 0
0.1264008 0.6340442 0.02794364 1

0.3589293 -0.8589286 -0.3652554 0
0.9332023 0.3375506 0.1232611 0
0.01741965 -0.3850992 0.9227108 0
0.1105061 0.6803275 0.01366613 1

-0.7039324 0.7098413 -0.02458705 0
-0.6932076 -0.6790723 0.2415037 0
0.154733 0.1870463 0.9700883 0
-0.1556997 0.609872 -0.01222993 1

-0.6174278 0.7805564 -0.09754226 0
-0.7776437 -0.5869785 0.2252257 0
0.1185462 0.2149137 0.9694115 0
-0.1580474 0.605459 0.006214156 1

-0.3745894 0.9210139 -0.1068452 0
-0.9119573 -0.3451776 0.2217802 0
0.1673821 0.1805149 0.9692253 0
-0.1575653 0.6012757 0.02157075 1

-0.2782924 0.9406195 -0.1943918 0
-0.9510719 -0.2415772 0.1926207 0
0.1342221 0.2384854 0.9618258 0
-0.1555806 0.6101562 0.03751808 1

0.3665189 0.8245556 0.4310129 0
-0.9301675 0.3141454 0.1900026 0
0.02126713 -0.4705538 0.8821151 0
-0.1365222 0.6552578 0.01955744 1

-0.9212571 -0.3844027 0.05932672 0
0.3870635 -0.9210721 0.04251875 0
0.03829976 0.06213384 0.9973326 0
0.110153 0.6217155 -0.01971501 1

-0.7227528 -0.6908088 -0.02028842 0
0.6863063 -0.7208773 0.09653787 0
-0.08131463 0.05584891 0.9951226 0
0.1132265 0.6144541 -0.003747736 1

-0.6315225 -0.775323 -0.0072963 0
0.7714341 -0.6292449 0.0945537 0
-0.07790089 0.05408421 0.995493 0
0.1116513 0.6072239 0.01364158 1

-0.5376828 -0.8381063 0.09206025 0
0.8430403 -0.5326623 0.07452489 0
-0.01342286 0.1176811 0.9929605 0
0.1159226 0.615958 0.03032343 1

0.3967323 -0.8293749 -0.3933709 0
0.917232 0.3749445 0.1345446 0
0.03590418 -0.4141906 0.9094817 0
0.106669 0.6514877 0.01584219 1

-0.9236857 0.2057015 0.3232516 0
-0.1659798 -0.975217 0.146296 0
0.3453338 0.08147826 0.9349363 0
-0.14043 0.5998314 -0.01512181 1

-0.8125776 0.5621851 0.1538361 0
-0.5274667 -0.8215819 0.2162913 0
0.2479847 0.09461004 0.9641329 0
-0.1434757 0.5913143 0.004731504 1

-0.6109202 0.7913548 0.02310924 0
-0.7653111 -0.5977835 0.2386504 0
0.2026715 0.1281106 0.9708306 0
-0.1450749 0.5818951 0.02233005 1

-0.4166885 0.8989906 -0.1348576 0
-0.8983154 -0.3844818 0.2126108 0
0.1392848 0.2097372 0.9677861 0
-0.1476485 0.5908259 0.03996537 1

0.4063109 0.7640575 0.5011262 0
-0.9137347 0.3396732 0.222959 0
0.0001344327 -0.5484871 0.836159 0
-0.1324087 0.6265064 0.01885021 1

-0.9212571 -0.3844027 0.05932672 0
0.3870635 -0.9210721 0.04251875 0
0.03829976 0.06213384 0.9973326 0
0.09248535 0.6146216 -0.02219014 1

-0.7227528 -0.6908088 -0.02028842 0
0.6863063 -0.7208773 0.09653787 0
-0.08131463 0.05584891 0.9951226 0
0.09549612 0.6035895 -0.005192191 1

-0.6315225 -0.775323 -0.0072963 0
0.7714341 -0.6292449 0.0945537 0
-0.07790089 0.05408421 0.995493 0
0.09770958 0.5940519 0.01379198 1

-0.5376828 -0.8381063 0.09206025 0
0.8430403 -0.5326623 0.07452489 0
-0.01342286 0.1176811 0.9929605 0
0.1039493 0.6001413 0.03170468 1

0.3967323 -0.8293749 -0.3933709 0
0.917232 0.3749445 0.1345446 0
0.03590418 -0.4141906 0.9094817 0
0.1047851 0.6298937 0.01675044 1

-0.9236857 0.2057015 0.3232516 0
-0.1659798 -0.975217 0.146296 0
0.3453338 0.08147826 0.9349363 0
-0.1229957 0.5968788 -0.02077203 1

-0.8125776 0.5621851 0.1538361 0
-0.5274667 -0.8215819 0.2162913 0
0.2479847 0.09461004 0.9641329 0
-0.1254934 0.5823249 0.0005603386 1

-0.6109202 0.7913548 0.02310924 0
-0.7653111 -0.5977835 0.2386504 0
0.2026715 0.1281106 0.9708306 0
-0.1308624 0.566863 0.02124597 1

-0.4166885 0.8989906 -0.1348576 0
-0.8983154 -0.3844818 0.2126108 0
0.1392848 0.2097372 0.9677861 0
-0.1386442 0.5736319 0.04142282 1

0.4063109 0.7640575 0.5011262 0
-0.9137347 0.3396732 0.222959 0
0.0001344327 -0.5484871 0.836159 0
-0.1310711 0.6057239 0.01668551 1

0.9995856 0.0286597 -0.002672589 0
-0.02869379 0.9994939 -0.01373184 0
0.002277686 0.01380283 0.9999021 0
-0.01031746 0.7871376 0.0108439 1

0.9992289 -0.00204639 -0.03921068 0
-0.003374455 0.9904702 -0.1376855 0
0.03911877 0.1377117 0.9896995 0
0.05875484 0.7497512 0.00145026 1

0.9949533 0.0204307 0.09823641 0
-0.007427284 0.9913607 -0.1309534 0
-0.1000632 0.1295629 0.9865094 0
-0.07894395 0.7458031 0.001818425 1

0.9998249 0.005838068 0.01777916 0
-0.003291445 0.9901416 -0.1400318 0
-0.0184214 0.1399488 0.9899873 0
-0.01245661 0.8575892 2.845284E-05 1

0.9992137 -0.01502827 0.03669048 0
0.005903829 0.9714614 0.2371242 0
-0.03920696 -0.2367211 0.9707863 0
0.0546081 0.4202671 0.0622883 1

0.9982612 0.05893462 -0.001127948 0
-0.05644003 0.9611761 0.2701022 0
0.01700252 -0.2695689 0.962831 0
-0.07210121 0.4160091 0.06070194 1

0.9990536 0.04063043 0.01552968 0
-0.04019541 0.998817 -0.0273672 0
-0.01662325 0.02671706 0.9995047 0
-0.01264032 0.937565 -0.02288532 1

0.9992702 -0.002159635 0.03813574 0
0.002015781 0.9999906 0.003810274 0
-0.03814362 -0.003730588 0.9992653 0
0.0596107 0.08910578 -0.04656905 1

0.9999186 -0.002553985 -0.01250044 0
0.002569979 0.9999958 0.001263689 0
0.01249716 -0.001295651 0.999921 0
-0.05892693 0.08906192 -0.05960919 1

0.9970055 0.07510643 0.01841589 0
-0.07641685 0.9933855 0.08570696 0
-0.01185694 -0.08685759 0.9961501 0
-0.01634894 1.031265 -0.03858779 1

0.9992702 -0.00215956 0.03813574 0
0.001881747 0.9999714 0.007319368 0
-0.03815047 -0.007242234 0.9992459 0
0.0640976 0.003858685 0.02405281 1

0.9999186 -0.002553977 -0.01250043 0
0.002579235 0.9999945 0.002005026 0
0.01249525 -0.002037037 0.9999197 0
-0.06562187 0.004021168 0.01108674 1

0.9834588 -0.1204035 -0.1353211 0
0.1330557 0.9871331 0.08868153 0
0.1229023 -0.1052199 0.986825 0
0.01179573 1.121902 -0.04538892 1

0.9588739 0.2818693 0.03332518 0
-0.283796 0.9540023 0.09663999 0
-0.004552457 -0.1021231 0.9947613 0
-0.05802741 1.116606 -0.04625955 1

0.9996517 0.02604746 -0.004228762 0
-0.02528617 0.9913467 0.128811 0
0.007547365 -0.1286592 0.9916601 0
-0.02442845 1.137774 -0.04422506 1

0.9992702 -0.00215956 0.03813574 0
0.001881747 0.9999714 0.007319368 0
-0.03815047 -0.007242234 0.9992459 0
0.0637755 0.00386858 0.08465918 1

0.9999186 -0.002553977 -0.01250043 0
0.002579235 0.9999945 0.002005026 0
0.01249525 -0.002037037 0.9999197 0
-0.06685305 0.004356027 0.07168055 1

0.247532 -0.9688746 0.003174505 0
0.6323333 0.1640318 0.7571317 0
-0.7340863 -0.1854071 0.6532546 0
0.08311602 1.09006 -0.05809266 1

0.1450029 0.9878928 -0.05515419 0
-0.7715447 0.1477933 0.6187698 0
0.6194295 -0.04716953 0.7836338 0
-0.124508 1.073178 -0.05059926 1

0.998791 -0.01779769 -0.04582112 0
0.01935671 0.9992409 0.0338086 0
0.04518461 -0.03465469 0.9983774 0
-0.02565273 1.186975 -0.0305762 1

-0.07257345 -0.9566804 0.2819505 0
0.6291487 0.175441 0.7572269 0
-0.7738897 0.2323432 0.5891616 0
0.1419867 0.9099246 -0.06540477 1

-0.01105548 0.965228 -0.2611755 0
-0.7696413 0.158536 0.6184809 0
0.6383809 0.207849 0.7411265 0
-0.1633421 0.8873744 -0.05132081 1

0.998791 -0.01779769 -0.04582112 0
0.01935671 0.9992409 0.0338086 0
0.04518461 -0.03465469 0.9983774 0
-0.02174766 1.33755 -0.003940956 1

-0.0710846 -0.9685921 0.238278 0
0.9970835 -0.07565314 -0.01007125 0
0.02778152 0.236867 0.9711448 0
0.1296488 0.7329533 -0.01426435 1

-0.07804638 0.9645099 -0.2522489 0
-0.9961243 -0.06514946 0.05909464 0
0.04056345 0.2558833 0.9658563 0
-0.161304 0.7094235 -0.003170189 1

-0.2141954 -0.9210451 0.3252634 0
0.9754872 -0.218901 0.02252652 0
0.05045268 0.3221152 0.9453552 0
0.138893 0.6629833 -0.02101606 1

-0.121692 -0.9400859 0.3184801 0
0.991721 -0.128412 -0.0001063272 0
0.04099672 0.3158303 0.9479296 0
0.1408546 0.6607631 -0.006645254 1

-0.1187031 -0.9437566 0.3085987 0
0.9922481 -0.1242627 0.001649919 0
0.03679037 0.3064022 0.9511909 0
0.13777 0.6625201 0.007872836 1

-0.1422756 -0.9483212 0.2836279 0
0.9893011 -0.1455783 0.009513766 0
0.03226801 0.2819468 0.9588872 0
0.1351189 0.6656764 0.02435824 1

0.3067635 -0.9439721 -0.1217091 0
0.9515954 0.3067426 0.0193773 0
0.01904193 -0.1217621 0.9923766 0
0.1158382 0.7076653 0.006293013 1

-0.3485236 0.9028472 -0.2517905 0
-0.9366138 -0.3251883 0.1304124 0
0.03586313 0.2812822 0.9589546 0
-0.1689603 0.6389998 -0.009364427 1

-0.1852797 0.9296193 -0.3185586 0
-0.9824213 -0.1677057 0.08199477 0
0.02279979 0.3281507 0.9443504 0
-0.1713113 0.6369906 0.005228028 1

-0.1010376 0.9521252 -0.2885295 0
-0.9942136 -0.08599687 0.06437183 0
0.03647729 0.2933639 0.9553049 0
-0.1693845 0.6368668 0.01866606 1

-0.07085839 0.9613428 -0.2660809 0
-0.996685 -0.05754487 0.0575128 0
0.03997787 0.2692741 0.9622336 0
-0.164794 0.6416622 0.03471157 1

0.235077 0.9470511 0.2187069 0
-0.9704451 0.241315 -0.001867244 0
-0.05454563 -0.2118041 0.975789 0
-0.1455308 0.6841332 0.01759796 1

-0.5883557 -0.7770343 0.2237312 0
0.8049935 -0.5889745 0.07137603 0
0.07631047 0.2220965 0.9720338 0
0.1244951 0.6338174 -0.01668573 1

-0.5683167 -0.8054572 0.1680923 0
0.8221403 -0.5641187 0.07652139 0
0.03318938 0.1816837 0.9827968 0
0.1278846 0.6300471 -0.001437897 1

-0.4849861 -0.8672124 0.112834 0
0.8743184 -0.478037 0.08395239 0
-0.01886562 0.1393685 0.990061 0
0.125371 0.6266832 0.01475268 1

-0.3978381 -0.9000509 0.1778582 0
0.9173753 -0.392825 0.0641208 0
0.01215525 0.1886723 0.9819649 0
0.1264076 0.6353251 0.0307109 1

0.361779 -0.8615658 -0.3561188 0
0.9322406 0.3370447 0.1316387 0
0.006612684 -0.3796125 0.9251221 0
0.1107572 0.6815343 0.01594514 1

-0.7111732 0.6979223 -0.08448296 0
-0.7003171 -0.6927862 0.1720562 0
0.06155324 0.1815265 0.9814578 0
-0.1540659 0.6112602 -0.008331387 1

-0.6208098 0.7695569 -0.1495903 0
-0.78359 -0.6032421 0.1486125 0
0.02412655 0.2094775 0.9775159 0
-0.157986 0.6066797 0.009830282 1

-0.3836923 0.9133559 -0.1362394 0
-0.9205809 -0.3666674 0.1344833 0
0.07287643 0.1770196 0.9815055 0
-0.1587762 0.602437 0.02518219 1

-0.2824464 0.9348791 -0.2150003 0
-0.9584921 -0.2659335 0.1028223 0
0.0389506 0.2351177 0.9711859 0
-0.1584448 0.6112756 0.04131929 1

0.3053115 0.829803 0.4671314 0
-0.9510186 0.2906736 0.1052274 0
-0.04846476 -0.4763777 0.8779043 0
-0.1389189 0.6569245 0.02538094 1

-0.9178541 -0.3933755 0.05291233 0
0.3959185 -0.9168263 0.05175165 0
0.02815362 0.06844937 0.9972574 0
0.1108815 0.6225287 -0.01712792 1

-0.7178183 -0.6958503 -0.02301583 0
0.6902353 -0.7155769 0.1073548 0
-0.09117242 0.06117479 0.9939544 0
0.1137229 0.6154214 -0.001053804 1

-0.6293234 -0.7770951 -0.00869542 0
0.7721474 -0.6265048 0.1062095 0
-0.08798248 0.06012584 0.9943058 0
0.1118724 0.6083741 0.01639418 1

-0.5390801 -0.8372173 0.09197881 0
0.841913 -0.5325283 0.08715542 0
-0.02398661 0.1244218 0.9919394 0
0.1158877 0.6172641 0.03309797 1

0.3999338 -0.8322302 -0.3839868 0
0.9161975 0.3745263 0.1425209 0
0.0252029 -0.4088067 0.9122729 0
0.1068561 0.6527131 0.01824983 1

-0.952598 0.1904193 0.2372714 0
-0.1645903 -0.9784775 0.1244671 0
0.2558655 0.07951447 0.9634367 0
-0.1384193 0.6015056 -0.009873099 1

-0.8329564 0.5474536 0.08048803 0
-0.5310578 -0.8317748 0.1616416 0
0.1554392 0.09189662 0.9835616 0
-0.1430674 0.5928235 0.009618391 1

-0.6273299 0.7781841 -0.02977965 0
-0.7711015 -0.6153634 0.1634945 0
0.1089034 0.125528 0.9860947 0
-0.1459773 0.5833291 0.02699351 1

-0.4247327 0.889467 -0.1686736 0
-0.9042416 -0.4077111 0.1269621 0
0.04415845 0.2064466 0.9774611 0
-0.1502947 0.5921274 0.04440122 1

0.3398913 0.7697439 0.5403408 0
-0.9383286 0.316262 0.1397063 0
-0.06335112 -0.5545021 0.8297675 0
-0.134063 0.6282843 0.02490764 1

-0.9178541 -0.3933755 0.05291233 0
0.3959185 -0.9168263 0.05175165 0
0.02815362 0.06844937 0.9972574 0
0.09331077 0.6152412 -0.01972754 1

-0.7178183 -0.6958503 -0.02301583 0
0.6902353 -0.7155769 0.1073548 0
-0.09117242 0.06117479 0.9939544 0
0.09608137 0.6044271 -0.002601454 1

-0.6293234 -0.7770951 -0.00869542 0
0.7721474 -0.6265048 0.1062095 0
-0.08798248 0.06012584 0.9943058 0
0.09796548 0.5951649 0.01648874 1

-0.5390801 -0.8372173 0.09197881 0
0.841913 -0.5325283 0.08715542 0
-0.02398661 0.1244218 0.9919394 0
0.1038919 0.6014624 0.03445817 1

0.3999338 -0.8322302 -0.3839868 0
0.9161975 0.3745263 0.1425209 0
0.0252029 -0.4088067 0.9122729 0
0.1049322 0.6311275 0.01926546 1

-0.952598 0.1904193 0.2372714 0
-0.1645903 -0.9784775 0.1244671 0
0.2558655 0.07951447 0.9634367 0
-0.1204946 0.5988381 -0.01389692 1

-0.8329564 0.5474536 0.08048803 0
-0.5310578 -0.8317748 0.1616416 0
0.1554392 0.09189662 0.9835616 0
-0.1246223 0.584165 0.007092744 1

-0.6273299 0.7781841 -0.02977965 0
-0.7711015 -0.6153634 0.1634945 0
0.1089034 0.125528 0.9860947 0
-0.1314052 0.5686066 0.02715917 1

-0.4247327 0.889467 -0.1686736 0
-0.9042416 -0.4077111 0.1269621 0
0.04415845 0.2064466 0.9774611 0
-0.1410379 0.5751486 0.04660578 1

0.3398913 0.7697439 0.5403408 0
-0.9383286 0.316262 0.1397063 0
-0.06335112 -0.5545021 0.8297675 0
-0.132028 0.607556 0.02276739 1

0.9995828 0.02888456 7.718019E-05 0
-0.02887926 0.9994438 -0.01667796 0
-0.0005588727 0.01666877 0.9998609 0
-0.01028835 0.7874588 0.009422835 1

0.999491 -0.003766345 -0.03167809 0
-0.000583224 0.9906829 -0.1361882 0
0.03189587 0.1361373 0.9901763 0
0.05881868 0.7500616 0.0003321245 1

0.9946454 0.01974765 0.1014433 0
-0.006270181 0.9912972 -0.131494 0
-0.1031571 0.1301538 0.9861128 0
-0.07887972 0.7460827 0.0003214926 1

0.9998346 0.002635801 0.01799714 0
-0.0005261004 0.9932214 -0.1162363 0
-0.01818152 0.1162076 0.9930584 0
-0.01241267 0.8578786 -0.001600524 1

0.9991375 -0.01613807 0.03825957 0
0.006719695 0.9720818 0.2345461 0
-0.04097655 -0.2340867 0.9713517 0
0.05363017 0.4204934 0.06063188 1

0.998404 0.05636726 0.003507376 0
-0.05524867 0.9619389 0.2676212 0
0.01171121 -0.267388 0.9635177 0
-0.07247148 0.4163145 0.0593989 1

0.999138 0.03830216 0.01600569 0
-0.0380507 0.999152 -0.01573049 0
-0.01659462 0.01510791 0.999748 0
-0.01237129 0.9383813 -0.02258894 1

0.9992068 -0.003916241 0.03962848 0
0.003686665 0.999976 0.005864757 0
-0.03965048 -0.005714039 0.9991973 0
0.05839743 0.08903754 -0.04733576 1

0.9999764 -0.004422208 -0.005255406 0
0.004433535 0.999988 0.002143227 0
0.005245889 -0.00216653 0.9999838 0
-0.05956662 0.08905768 -0.06009671 1

0.9971071 0.07369203 0.01862655 0
-0.07501703 0.9935542 0.08498482 0
-0.01224378 -0.08613627 0.9962081 0
-0.01587833 1.032265 -0.03719886 1

0.9992068 -0.00391617 0.03962848 0
0.003448322 0.9999236 0.01186742 0
-0.03967193 -0.01172134 0.9991439 0
0.06263533 0.003638446 0.02311772 1

0.9999764 -0.004422208 -0.005255391 0
0.00443932 0.9999849 0.003246199 0
0.005240971 -0.003269548 0.9999809 0
-0.06693313 0.003969848 0.01047562 1

0.9835713 -0.1220943 -0.1329689 0
0.1344484 0.9869832 0.08825081 0
0.1204632 -0.1046784 0.9871834 0
0.01239787 1.122857 -0.04405658 1

0.9592649 0.2804651 0.03391645 0
-0.2824554 0.9544739 0.09590982 0
-0.00547302 -0.1015828 0.994812 0
-0.05743255 1.11766 -0.04494195 1

0.9996863 0.02479652 -0.003543143 0
-0.02411697 0.9910503 0.1312928 0
0.006767041 -0.1311662 0.9913374 0
-0.02380385 1.138782 -0.04291352 1

0.9992068 -0.00391617 0.03962848 0
0.003448322 0.9999236 0.01186742 0
-0.03967193 -0.01172134 0.9991439 0
0.06222166 0.003373563 0.08372299 1

0.9999764 -0.004422208 -0.005255391 0
0.00443932 0.9999849 0.003246199 0
0.005240971 -0.003269548 0.9999809 0
-0.06860299 0.004233599 0.07105927 1

0.2537049 -0.9672792 0.002224545 0
0.6299986 0.1669848 0.7584311 0
-0.7339862 -0.1910163 0.6517494 0
0.08369559 1.090891 -0.05657249 1

0.1500791 0.9866083 -0.06388024 0
-0.7882228 0.1584037 0.594654 0
0.5968093 -0.03889322 0.8014399 0
-0.1239741 1.074329 -0.04930987 1

0.9986618 -0.02162892 -0.04697632 0
0.02325269 0.999141 0.03429877 0
0.04619413 -0.03534517 0.9983069 0
-0.02497462 1.18795 -0.0291415 1

-0.07823513 -0.9541231 0.2890131 0
0.6267466 0.1783755 0.758532 0
-0.775286 0.2404818 0.5840381 0
0.1437269 0.9111452 -0.06403945 1

-0.00557971 0.9598214 -0.2805564 0
-0.7862731 0.1691373 0.5942791 0
0.6178542 0.2239098 0.7537378 0
-0.163444 0.8886591 -0.04871282 1

0.9986618 -0.02162892 -0.04697632 0
0.02325269 0.999141 0.03429877 0
0.04619413 -0.03534517 0.9983069 0
-0.0204578 1.338495 -0.002433539 1

-0.08116568 -0.9667355 0.242559 0
0.9966091 -0.08201805 0.006599392 0
0.01351424 0.2422721 0.9701142 0
0.1303461 0.734634 -0.01158787 1

-0.07901832 0.9615386 -0.2630585 0
-0.99375 -0.09685094 -0.05550622 0
-0.07884885 0.2570284 0.963182 0
-0.1624154 0.711705 0.003010858 1

-0.2196415 -0.9202906 0.3237639 0
0.9749738 -0.2187703 0.03957361 0
0.0344106 0.3243532 0.9453101 0
0.1392492 0.6645692 -0.01779255 1

-0.128882 -0.9387453 0.3196044 0
0.9913191 -0.1304144 0.01669976 0
0.026004 0.3189822 0.9474041 0
0.1409628 0.6624193 -0.003379367 1

-0.1278507 -0.9417723 0.3109973 0
0.9915339 -0.1285457 0.01835228 0
0.02269359 0.3107108 0.9502336 0
0.1376539 0.6642792 0.01107638 1

-0.1527572 -0.9457677 0.2866862 0
0.9880911 -0.1515897 0.026403 0
0.01848765 0.2873053 0.9576605 0
0.1347556 0.6675472 0.0274983 1

0.3028926 -0.9464663 -0.1116148 0
0.9530223 0.3010817 0.03314685 0
0.002232758 -0.1164113 0.9931988 0
0.116041 0.7095526 0.00888437 1

-0.3364123 0.8961262 -0.2894559 0
-0.9382969 -0.3451291 0.02202571 0
-0.08016188 0.2790052 0.956938 0
-0.1670764 0.6410731 -0.003765341 1

-0.1679105 0.925831 -0.3385895 0
-0.9813116 -0.1897245 -0.03213451 0
-0.0939898 0.3268661 0.9403853 0
-0.1710244 0.6389899 0.01046759 1

-0.09027857 0.9493754 -0.3008928 0
-0.9925253 -0.1106785 -0.05141902 0
-0.08211827 0.2940017 0.9522709 0
-0.1706521 0.6389273 0.02403839 1

-0.06483834 0.9587626 -0.2767135 0
-0.9947324 -0.08416077 -0.05852034 0
-0.07939557 0.2714615 0.9591689 0
-0.1680905 0.6438661 0.04048745 1

0.1783728 0.9539725 0.2410802 0
-0.9709812 0.2103227 -0.1138434 0
-0.159308 -0.2137777 0.963805 0
-0.1483417 0.6869296 0.0255457 1

-0.587276 -0.7795455 0.2177515 0
0.8071528 -0.584038 0.08604954 0
0.06009556 0.2262936 0.9722034 0
0.1247811 0.6354125 -0.01363788 1

-0.5689777 -0.8060168 0.1631006 0
0.8221616 -0.5618274 0.09165546 0
0.01775859 0.1862448 0.9823429 0
0.1278448 0.6317474 0.001717005 1

-0.4882466 -0.865753 0.1099423 0
0.8720453 -0.4790889 0.1000572 0
-0.03395264 0.1447271 0.9888889 0
0.1249872 0.6285292 0.01791976 1

-0.4051551 -0.8969627 0.1769389 0
0.9142449 -0.396971 0.08105951 0
-0.002467748 0.1946071 0.9808781 0
0.1257536 0.6372873 0.03388176 1

0.3621989 -0.8656857 -0.3455435 0
0.9320398 0.3321178 0.1449142 0
-0.01068898 -0.374548 0.927146 0
0.1106443 0.6835064 0.01859397 1

-0.7079812 0.6863815 -0.166263 0
-0.7040494 -0.7044487 0.0898158 0
-0.05547598 0.1806453 0.9819824 0
-0.1518148 0.6136484 -0.001051274 1

-0.6136597 0.7577398 -0.2219278 0
-0.7839527 -0.6182006 0.0569781 0
-0.09402135 0.208946 0.9733968 0
-0.1576468 0.6089754 0.01660494 1

-0.3862843 0.9041003 -0.1827219 0
-0.9212184 -0.3880911 0.02724812 0
-0.04627776 0.1788522 0.9827868 0
-0.1600266 0.6047703 0.03183668 1

-0.28019 0.9266946 -0.250461 0
-0.9565591 -0.291425 -0.008159807 0
-0.08055218 0.2372945 0.9680923 0
-0.1617512 0.6136688 0.04792134 1

0.2232952 0.838911 0.4963544 0
-0.9655505 0.2601616 -0.005338097 0
-0.1336105 -0.4780633 0.8681036 0
-0.1418078 0.6599422 0.03412463 1

-0.9142016 -0.4030503 0.04226706 0
0.4050358 -0.9121842 0.06217908 0
0.0134941 0.07396381 0.9971694 0
0.1112407 0.6240438 -0.01424422 1

-0.7131991 -0.7003457 -0.02937741 0
0.6929895 -0.7107709 0.1207093 0
-0.1054189 0.06573161 0.9922532 0
0.1137124 0.6170905 0.001952128 1

-0.6289921 -0.7772937 -0.01355226 0
0.7706176 -0.6257001 0.1210295 0
-0.1025551 0.06568295 0.9925565 0
0.1114317 0.6102525 0.01944976 1

-0.5441935 -0.8342602 0.08867744 0
0.8380532 -0.5356472 0.1036773 0
-0.03899395 0.1307369 0.9906502 0
0.115106 0.6192936 0.03621023 1

0.4009789 -0.8367355 -0.3729472 0
0.9160532 0.3697552 0.1553322 0
0.00792717 -0.4039244 0.914758 0
0.1065295 0.6547223 0.02099085 1

-0.9759779 0.1791072 0.1240493 0
-0.1665743 -0.9804202 0.1050201 0
0.1404305 0.08183382 0.9867026 0
-0.1359368 0.6041536 -0.0007709349 1

-0.8451458 0.5342033 -0.01886056 0
-0.5332302 -0.8400908 0.09956428 0
0.03734297 0.09420338 0.9948525 0
-0.1425442 0.5954061 0.01815155 1

-0.6363171 0.764191 -0.1054153 0
-0.7713622 -0.6320749 0.07404017 0
-0.01004964 0.1284265 0.9916679 0
-0.1470862 0.5859677 0.03518416 1

-0.4256614 0.877533 -0.2207908 0
-0.9017397 -0.4316804 0.02274586 0
-0.07535087 0.2087779 0.9750559 0
-0.1535105 0.5947504 0.05201354 1

0.2511202 0.7799416 0.5732623 0
-0.9577248 0.2860861 0.03030639 0
-0.1403652 -0.556638 0.8188113 0
-0.1360237 0.6314716 0.0343029 1

-0.9142016 -0.4030503 0.04226706 0
0.4050358 -0.9121842 0.06217908 0
0.0134941 0.07396381 0.9971694 0
0.09378766 0.6165521 -0.01704852 1

-0.7131991 -0.7003457 -0.02937741 0
0.6929895 -0.7107709 0.1207093 0
-0.1054189 0.06573161 0.9922532 0
0.09616107 0.6059805 0.0002162652 1

-0.6289921 -0.7772937 -0.01355226 0
0.7706176 -0.6257001 0.1210295 0
-0.1025551 0.06568295 0.9925565 0
0.09752716 0.5970404 0.01941473 1

-0.5441935 -0.8342602 0.08867744 0
0.8380532 -0.5356472 0.1036773 0
-0.03899395 0.1307369 0.9906502 0
0.1030198 0.6035535 0.03747954 1

0.4009789 -0.8367355 -0.3729472 0
0.9160532 0.3697552 0.1553322 0
0.00792717 -0.4039244 0.914758 0
0.1044569 0.6331547 0.0220918 1

-0.9759779 0.1791072 0.1240493 0
-0.1665743 -0.9804202 0.1050201 0
0.1404305 0.08183382 0.9867026 0
-0.1176345 0.6016985 -0.002667951 1

-0.8451458 0.5342033 -0.01886056 0
-0.5332302 -0.8400908 0.09956428 0
0.03734297 0.09420338 0.9948525 0
-0.1237964 0.5870406 0.01782509 1

-0.6363171 0.764191 -0.1054153 0
-0.7713622 -0.6320749 0.07404017 0
-0.01004964 0.1284265 0.9916679 0
-0.1323166 0.571569 0.03709995 1

-0.4256614 0.877533 -0.2207908 0
-0.9017397 -0.4316804 0.02274586 0
-0.07535087 0.2087779 0.9750559 0
-0.144126 0.5780288 0.05535349 1

0.2511202 0.7799416 0.5732623 0
-0.9577248 0.2860861 0.03030639 0
-0.1403652 -0.556638 0.8188113 0
-0.1330995 0.6108198 0.0324758 1

0.9995975 0.02801153 0.004477087 0
-0.02792402 0.999438 -0.01854136 0
-0.004993943 0.01840888 0.9998181 0
-0.01045208 0.7880971 0.007130639 1

0.9994059 -0.0075069 -0.03363813 0
0.002875814 0.9907512 -0.1356604 0
0.0343454 0.135483 0.9901842 0
0.05866174 0.7506239 -0.001587389 1

0.9939302 0.02083507 0.1080206 0
-0.0063022 0.9910731 -0.1331702 0
-0.109831 0.1316812 0.985189 0
-0.07903869 0.7467651 -0.002204134 1

0.9998183 -0.0001515411 0.01905873 0
0.001776628 0.9963554 -0.08527965 0
-0.01897635 0.08529802 0.9961748 0
-0.01246527 0.8584995 -0.004024302 1

0.999036 -0.01581501 0.04095037 0
0.006010545 0.9733443 0.2292701 0
-0.04348473 -0.228803 0.9725011 0
0.05235191 0.4210451 0.0585473 1

0.9984779 0.05463945 0.007507673 0
-0.05469016 0.9632906 0.2628314 0
0.007128903 -0.2628419 0.9648126 0
-0.07272186 0.4171008 0.05745927 1

0.9991969 0.03600093 0.01759217 0
-0.03601108 0.9993513 0.0002608506 0
-0.01757136 -0.0008941499 0.9998453 0
-0.01222501 0.9396159 -0.02249792 1

0.9991096 -0.005322745 0.04185289 0
0.005094117 0.9999716 0.005567388 0
-0.04188134 -0.005349168 0.9991083 0
0.05743393 0.08900714 -0.04760247 1

0.9999847 -0.005513594 -0.0003692177 0
0.005514521 0.9999815 0.002564018 0
0.0003550882 -0.002566027 0.9999967 0
-0.0598856 0.08925974 -0.06043141 1

0.9972103 0.0719053 0.02002959 0
-0.07336923 0.9936046 0.08582938 0
-0.01372991 -0.08705949 0.9961085 0
-0.01552717 1.033729 -0.03560348 1

0.9991096 -0.005322697 0.04185289 0
0.004787674 0.9999056 0.01287313 0
-0.04191746 -0.01266124 0.9990408 0
0.06139376 0.003623903 0.02288636 1

0.9999847 -0.005513594 -0.0003692028 0
0.005514733 0.9999798 0.003171158 0
0.0003517307 -0.003173133 0.9999949 0
-0.06768987 0.004152238 0.01007009 1

0.9837765 -0.1238959 -0.1297443 0
0.1360809 0.9866317 0.08966591 0
0.1169006 -0.1058669 0.9874849 0
0.01291874 1.124277 -0.04233724 1

0.959709 0.2786577 0.03617202 0
-0.2808908 0.954884 0.09642129 0
-0.007671555 -0.1026968 0.9946831 0
-0.05691953 1.119205 -0.04332089 1

0.9997311 0.02311097 -0.00188301 0
-0.02264254 0.990512 0.1355478 0
0.004997783 -0.1354687 0.990769 0
-0.02325619 1.140265 -0.04122743 1

0.9991096 -0.005322697 0.04185289 0
0.004787674 0.9999056 0.01287313 0
-0.04191746 -0.01266124 0.9990408 0
0.06084448 0.003299356 0.08349025 1

0.9999847 -0.005513594 -0.0003692028 0
0.005514733 0.9999798 0.003171158 0
0.0003517307 -0.003173133 0.9999949 0
-0.06965543 0.004423916 0.07064485 1

0.2621415 -0.9650271 -0.002118617 0
0.6278794 0.1688902 0.7597656 0
-0.7328365 -0.2004963 0.6501938 0
0.08419582 1.092183 -0.05464184 1

0.1566932 0.9849651 -0.07274158 0
-0.8081005 0.1702032 0.5639189 0
0.5678211 -0.02957983 0.8226203 0
-0.1235318 1.076002 -0.04787234 1

0.9985357 -0.02573445 -0.04758374 0
0.02746827 0.9989688 0.03614972 0
0.04660439 -0.03740382 0.9982129 0
-0.02436514 1.189374 -0.02724433 1

-0.08704308 -0.950874 0.2970893 0
0.6245361 0.1802547 0.7599099 0
-0.7761303 0.2516879 0.5781652 0
0.145801 0.9130056 -0.06290444 1

-0.002034318 0.9512668 -0.3083624 0
-0.8060905 0.1809263 0.5634572 0
0.5917889 0.2497142 0.7664389 0
-0.1638339 0.8905188 -0.04599821 1

0.9985357 -0.02573445 -0.04758374 0
0.02746827 0.9989688 0.03614972 0
0.04660439 -0.03740382 0.9982129 0
-0.01920109 1.339849 -0.0002580998 1

-0.09726907 -0.9650353 0.2434043 0
0.9952501 -0.09332819 0.02769897 0
-0.004014039 0.2449424 0.9695295 0
0.1307954 0.737078 -0.008953494 1

-0.07544661 0.9566205 -0.281399 0
-0.9749169 -0.1300262 -0.1806388 0
-0.2093919 0.260712 0.9424352 0
-0.1634589 0.7151418 0.01085182 1

-0.2293922 -0.9200505 0.3176259 0
0.9732217 -0.2217698 0.06047992 0
0.01479524 0.322994 0.9462854 0
0.1390249 0.6668986 -0.01478181 1

-0.1410318 -0.9379901 0.3166775 0
0.9899748 -0.1361155 0.03771336 0
0.007729976 0.3188215 0.9477833 0
0.1404118 0.6647716 -0.0003301688 1

-0.1425913 -0.9401136 0.3096032 0
0.989766 -0.1371944 0.03925543 0
0.005571244 0.3120322 0.9500553 0
0.1368228 0.6667113 0.01404804 1

-0.1692626 -0.9431469 0.2860492 0
0.9855695 -0.1624867 0.04744366 0
0.001732832 0.2899518 0.9570397 0
0.1336191 0.6700602 0.03039678 1

0.2945042 -0.9501073 -0.1027784 0
0.9554478 0.2905207 0.05212728 0
-0.01966736 -0.1135511 0.9933373 0
0.1157794 0.712221 0.01128194 1

-0.3126769 0.889556 -0.3330518 0
-0.9271715 -0.3620093 -0.09644872 0
