MeshAnim
1
377
65
60
0.9978392 -0.02288766 -0.06158748 0
0.02246578 0.9997192 -0.007533891 0
0.06174262 0.006134001 0.9980733 0
-0.001123347 0.860725 0.005222936 1

0.9985374 -0.02053484 -0.05001471 0
0.01760869 0.9981462 -0.05825943 0
0.05111835 0.05729352 0.9970479 0
0.0007315241 0.9693488 -0.005092162 1

-0.997487 -0.07084931 -0.0003179908 0
0.06633191 -0.9354448 0.3471933 0
-0.02489586 0.3462997 0.9377936 0
-0.1366421 0.8033684 0.006676839 1

-0.9791273 0.06896362 0.1911901 0
-0.005806153 -0.949782 0.3128585 0
0.2031648 0.3052182 0.930358 0
0.1307408 0.7972301 -0.0105308 1

0.9995593 -0.01440511 -0.02595626 0
0.0143211 0.9998916 -0.003419397 0
0.0260027 0.003046167 0.9996573 0
0.002973398 1.096429 -0.01250954 1

-0.9984294 0.05045427 -0.02435365 0
-0.0254695 -0.795952 -0.6048238 0
-0.04990026 -0.6032537 0.7959869 0
-0.1094031 0.4192303 0.1492509 1

-0.949069 -0.1434505 0.2805176 0
-0.08066567 -0.7500319 -0.6564642 0
0.3045673 -0.6456578 0.7002605 0
0.1283565 0.4072017 0.1179447 1

0.9999506 -0.009826331 -0.001487508 0
0.009889726 0.9986337 0.05131473 0
0.0009812415 -0.05132691 0.9986815 0
0.005057181 1.241918 -0.01300708 1

-0.9907303 0.1196511 -0.06432037 0
-0.1259877 -0.6322581 0.7644455 0
0.05079969 0.7654629 0.6414717 0
-0.118746 0.1272526 -0.07261547 1

-0.8991471 -0.09595364 0.4269983 0
0.3792024 -0.6579139 0.6506571 0
0.2184952 0.746955 0.6279474 0
0.09877664 0.132167 -0.122779 1

0.9989181 0.02844526 -0.03679129 0
-0.02595199 0.9974451 0.06655551 0
0.03859049 -0.06552868 0.9971042 0
0.006676054 1.405386 -0.004607249 1

0.09300661 -0.06872914 0.9932906 0
-0.9802487 -0.1811972 0.07924791 0
0.1745347 -0.9810424 -0.08422438 0
-0.07023824 1.385257 -0.009007717 1

0.01873215 0.06360178 -0.9977997 0
0.9500538 -0.3120796 -0.002056781 0
-0.3115236 -0.9479247 -0.06627101 0
0.08316686 1.383312 -0.006095754 1

-0.9921639 0.0925697 -0.08391523 0
-0.07767976 0.06902754 0.9945859 0
0.09786096 0.9933107 -0.0612958 0
-0.1411819 0.01466006 0.06351713 1

-0.894168 -0.06515294 0.442966 0
0.4379664 0.07822634 0.8955815 0
-0.09300138 0.9948042 -0.04141268 0
0.1664598 0.01473719 -0.006644327 1

0.9603359 -0.0779063 -0.2677417 0
0.02027969 0.9771487 -0.2115872 0
0.2781074 0.1977651 0.939971 0
0.00602381 1.464809 0.02362666 1

0.3128732 -0.4889706 0.8142593 0
-0.3975357 -0.8460119 -0.3552881 0
0.8625984 -0.212537 -0.4590779 0
-0.1908405 1.345796 -0.003147786 1

0.4402146 0.4688358 -0.7657703 0
0.3374294 -0.8767203 -0.3427874 0
-0.8320771 -0.1074934 -0.5441442 0
0.1975875 1.329024 -0.01737325 1

-0.9921639 0.0925697 -0.08391523 0
-0.07767976 0.06902754 0.9945859 0
0.09786096 0.9933107 -0.0612958 0
-0.1467798 0.01963443 0.1351909 1

-0.894168 -0.06515294 0.442966 0
0.4379664 0.07822634 0.8955815 0
-0.09300138 0.9948042 -0.04141268 0
0.198289 0.02042222 0.05844212 1

0.9603359 -0.0779063 -0.2677417 0
0.02027969 0.9771487 -0.2115872 0
0.2781074 0.1977651 0.939971 0
0.03695939 1.715097 0.06175878 1

0.2363065 0.9514478 0.1972476 0
0.488197 -0.2917695 0.8225171 0
0.8401328 -0.09807041 -0.5334411 0
-0.2977835 1.136701 -0.08750748 1

0.06192917 -0.9970179 -0.04604856 0
-0.6104293 -0.07433777 0.7885748 0
-0.7896461 -0.0207263 -0.6132126 0
0.2828138 1.105607 -0.08874833 1

0.475809 0.8267711 0.3000929 0
0.2107432 -0.4384156 0.8737159 0
0.8539283 -0.3524792 -0.3828386 0
-0.1766617 1.064313 0.1165593 1

0.1207516 -0.9916151 -0.0460326 0
-0.3487726 -0.0857952 0.9332721 0
-0.9293959 -0.09663911 -0.3562082 0
0.1313543 1.087162 0.1069125 1

0.4208283 0.9069593 -0.01813642 0
0.7415386 -0.3324195 0.5827675 0
0.5225174 -0.2586939 -0.8124371 0
-0.1463261 1.070633 0.1505078 1

0.3624427 0.9113301 0.1952258 0
0.7662678 -0.4106169 0.4941939 0
0.5305366 -0.02952182 -0.8471482 0
-0.1374406 1.048135 0.2167598 1

0.4630564 0.8435773 0.2719502 0
0.7673904 -0.5351089 0.3532287 0
0.4434988 0.04512695 -0.8951385 0
-0.1490842 1.024519 0.2165902 1

0.5070323 0.8064242 0.3043005 0
0.7551578 -0.5858157 0.2942052 0
0.4155182 0.08062313 -0.9060048 0
-0.1601426 1.004401 0.2121806 1

0.5828654 0.7406739 0.3341717 0
0.6885805 -0.668574 0.2808301 0
0.4314221 0.06641779 -0.8997023 0
-0.173115 0.9961104 0.1901436 1

0.03554722 -0.9914784 0.1253296 0
-0.7455778 0.05719808 0.6639595 0
-0.6654699 -0.1170448 -0.7371907 0
0.1044533 1.113242 0.1352692 1

0.1311912 -0.9902401 -0.04704862 0
-0.9329911 -0.139372 0.331818 0
-0.3351369 0.0003643422 -0.9421696 0
0.08939975 1.11268 0.207964 1

0.117892 -0.9925173 -0.03180065 0
-0.8744664 -0.1189377 0.4702791 0
-0.4705424 -0.02763347 -0.8819447 0
0.0903106 1.085608 0.2195294 1

0.178839 -0.9815593 -0.06751631 0
-0.9160956 -0.1911556 0.3524608 0
-0.3588673 -0.001182314 -0.933388 0
0.08889446 1.063312 0.2217402 1

0.2461226 -0.9650522 -0.08999062 0
-0.9364235 -0.2607177 0.2348131 0
-0.2500689 0.02647655 -0.9678661 0
0.1051214 1.049449 0.1904951 1

0.4548073 0.8861724 0.08859695 0
0.7234877 -0.4256503 0.5434957 0
0.5193422 -0.1830871 -0.8347237 0
-0.1165523 1.065191 0.1713894 1

0.4847215 0.8491579 0.2097068 0
0.853519 -0.4067995 -0.325607 0
-0.1911828 0.336817 -0.9219563 0
-0.1119843 1.034097 0.2331914 1

0.5680533 0.7777067 0.2692365 0
0.7988642 -0.4424254 -0.4075241 0
-0.1978169 0.4465787 -0.8726031 0
-0.1224344 1.00567 0.2288437 1

0.6012034 0.742408 0.2956099 0
0.783428 -0.4747054 -0.4011185 0
-0.1574658 0.4727425 -0.8670176 0
-0.1393459 0.9883577 0.2202909 1

0.6339886 0.7112223 0.3036805 0
0.7591804 -0.497577 -0.4195985 0
-0.147323 0.4965684 -0.8554039 0
-0.154194 0.9776614 0.1978546 1

-0.04266352 -0.9821473 0.1832136 0
-0.7626027 0.1504852 0.6291192 0
-0.6454585 -0.1128788 -0.7554084 0
0.07674739 1.122983 0.1587331 1

0.2209713 -0.9738894 -0.05207159 0
-0.947985 -0.2019375 -0.2460607 0
0.2291205 0.1037354 -0.9678549 0
0.05802429 1.107749 0.2191225 1

0.2203159 -0.9744207 -0.04433639 0
-0.9558597 -0.2066138 -0.2089094 0
0.194405 0.08840544 -0.9769297 0
0.06346282 1.081951 0.233968 1

0.2453446 -0.9665008 -0.0753812 0
-0.9660076 -0.2372034 -0.1027794 0
0.08145548 0.09803521 -0.9918439 0
0.06586375 1.058538 0.2306011 1

0.3617536 -0.9297501 -0.06855153 0
-0.7978097 -0.2706966 -0.5387238 0
0.4823216 0.2495763 -0.8396888 0
0.0771772 1.041636 0.1975014 1

0.3965766 0.9068127 0.1428916 0
0.7270409 -0.4052875 0.5542144 0
0.5604809 -0.1159006 -0.8200176 0
-0.09015363 1.049294 0.1913007 1

0.5450557 0.8228194 0.1608827 0
0.5955796 -0.2449409 -0.7650421 0
-0.5900842 0.5128086 -0.6235605 0
-0.08362646 1.020765 0.2224405 1

0.624439 0.7509423 0.214854 0
0.5301316 -0.2054564 -0.8226475 0
-0.5736173 0.6275938 -0.5263928 0
-0.09573707 0.9910096 0.2152885 1

0.662266 0.7110367 0.2362857 0
0.480899 -0.1615387 -0.8617669 0
-0.5745783 0.684348 -0.4489181 0
-0.1183603 0.9757615 0.2096115 1

0.6789571 0.6861523 0.2611758 0
0.5389714 -0.224272 -0.8119193 0
-0.4985256 0.6920242 -0.5220871 0
-0.1350505 0.9653748 0.1874252 1

-0.1226369 -0.9726512 0.1972563 0
-0.7304879 0.2230103 0.6454873 0
-0.6718241 -0.06493275 -0.7378595 0
0.0493922 1.126238 0.1816203 1

0.2960168 -0.9551826 0.0008506645 0
-0.5964689 -0.1855447 -0.7808961 0
0.7460557 0.2306508 -0.6246607 0
0.02812562 1.101466 0.2113713 1

0.2855039 -0.9583645 -0.005016567 0
-0.59922 -0.174422 -0.7813531 0
0.7479458 0.2260853 -0.6240693 0
0.03282658 1.075587 0.2272955 1

0.3060261 -0.950577 -0.05245735 0
-0.7749647 -0.2167277 -0.5936826 0
0.5529718 0.222335 -0.8029878 0
0.0431717 1.053047 0.2281947 1

0.4079423 -0.9129217 -0.01253921 0
-0.3930141 -0.1631901 -0.9049361 0
0.8240891 0.3740896 -0.4253631 0
0.05660468 1.034783 0.1836475 1

0.3965766 0.9068127 0.1428916 0
0.7270409 -0.4052875 0.5542144 0
0.5604809 -0.1159006 -0.8200176 0
-0.07218745 1.031498 0.2060959 1

0.5450557 0.8228194 0.1608827 0
0.5955796 -0.2449409 -0.7650421 0
-0.5900842 0.5128086 -0.6235605 0
-0.06748223 1.014323 0.2018653 1

0.624439 0.7509423 0.214854 0
0.5301316 -0.2054564 -0.8226475 0
-0.5736173 0.6275938 -0.5263928 0
-0.0809122 0.9853768 0.1924178 1

0.662266 0.7110367 0.2362857 0
0.480899 -0.1615387 -0.8617669 0
-0.5745783 0.684348 -0.4489181 0
-0.1073221 0.9718825 0.1895704 1

0.6789571 0.6861523 0.2611758 0
0.5389714 -0.224272 -0.8119193 0
-0.4985256 0.6920242 -0.5220871 0
-0.1255026 0.9612356 0.1728217 1

-0.1226369 -0.9726512 0.1972563 0
-0.7304879 0.2230103 0.6454873 0
-0.6718241 -0.06493275 -0.7378595 0
0.0287247 1.126953 0.2003752 1

0.2960168 -0.9551826 0.0008506645 0
-0.5964689 -0.1855447 -0.7808961 0
0.7460557 0.2306508 -0.6246607 0
0.01282878 1.096872 0.1914053 1

0.2855039 -0.9583645 -0.005016567 0
-0.59922 -0.174422 -0.7813531 0
0.7479458 0.2260853 -0.6240693 0
0.02009788 1.071625 0.2106048 1

0.3060261 -0.950577 -0.05245735 0
-0.7749647 -0.2167277 -0.5936826 0
0.5529718 0.222335 -0.8029878 0
0.03069817 1.049445 0.2186075 1

0.4079423 -0.9129217 -0.01253921 0
-0.3930141 -0.1631901 -0.9049361 0
0.8240891 0.3740896 -0.4253631 0
0.049157 1.031594 0.1664136 1

0.9980213 -0.0202918 -0.05951275 0
0.02016444 0.9997929 -0.002739796 0
0.05955603 0.001534334 0.9982238 0
-0.001037975 0.8630871 0.004652438 1

0.9986687 -0.01825703 -0.04824406 0
0.01557769 0.998346 -0.0553412 0
0.04917463 0.05451599 0.9973013 0
0.0005875159 0.9717627 -0.005142913 1

-0.9973459 -0.07280967 -0.0005269647 0
0.06818234 -0.9364513 0.3441082 0
-0.02554789 0.3431589 0.9389298 0
-0.1364263 0.8054117 0.005537684 1

-0.9790357 0.06735875 0.1922301 0
-0.004778937 -0.951075 0.3089239 0
0.2036339 0.3015288 0.9314578 0
0.131007 0.7999723 -0.01111402 1

0.9996021 -0.01325825 -0.0248965 0
0.01316259 0.9999053 -0.004002095 0
0.0249472 0.003672796 0.9996821 0
0.00257081 1.098868 -0.01218875 1

-0.9982916 0.05328798 -0.02397215 0
-0.02842982 -0.8013827 -0.5974763 0
-0.05104916 -0.5957743 0.8015282 0
-0.1084273 0.4208602 0.1468449 1

-0.9472235 -0.1443654 0.286229 0
-0.08088161 -0.7563528 -0.6491448 0
0.3102041 -0.6380358 0.7047582 0
0.1290446 0.4094128 0.1157457 1

0.9999524 -0.009673429 -0.001223631 0
0.009720448 0.9988356 0.04725508 0
0.0007650964 -0.04726473 0.9988821 0
0.004486024 1.244359 -0.01277107 1

-0.990532 0.1218594 -0.06322131 0
-0.127083 -0.6397234 0.7580268 0
0.05192856 0.7588841 0.6491524 0
-0.1188562 0.1268905 -0.07232626 1

-0.897041 -0.1013553 0.4301688 0
0.3836899 -0.6616322 0.6442249 0
0.2193178 0.7429475 0.6323997 0
0.09938548 0.1320603 -0.1222939 1

0.9989637 0.02677845 -0.03680166 0
-0.02440584 0.9976851 0.06347276 0
0.03841617 -0.06250881 0.9973048 0
0.006077187 1.407861 -0.005035784 1

0.1023109 -0.06511378 0.9926192 0
-0.9812778 -0.1702921 0.08997113 0
0.1631768 -0.9832401 -0.08131754 0
-0.07083295 1.387702 -0.009371568 1

0.02680639 0.06042495 -0.9978129 0
0.9500323 -0.3120816 0.006623924 0
-0.3109988 -0.9481319 -0.06577148 0
0.0825718 1.385792 -0.006417368 1

-0.9920574 0.094249 -0.08330368 0
-0.07682867 0.07036609 0.9945583 0
0.09959784 0.9930592 -0.06256631 0
-0.1414872 0.0129683 0.06266329 1

-0.8921721 -0.06990071 0.4462551 0
0.4406454 0.08251295 0.8938813 0
-0.09930475 0.9941361 -0.04281439 0
0.1678696 0.0139668 -0.007307344 1

0.9611896 -0.07737117 -0.2648174 0
0.01867789 0.9759176 -0.217338 0
0.2752557 0.2039568 0.9394871 0
0.005515293 1.467372 0.02301442 1

0.320666 -0.4905539 0.8102655 0
-0.3955373 -0.8466338 -0.3560364 0
0.8606531 -0.2063216 -0.465519 0
-0.1917846 1.349566 -0.002110572 1

0.4536534 0.4713213 -0.7563431 0
0.3486569 -0.8749189 -0.3360888 0
-0.8201447 -0.1112364 -0.5612392 0
0.1970787 1.331469 -0.01659581 1

-0.9920574 0.094249 -0.08330368 0
-0.07682867 0.07036609 0.9945583 0
0.09959784 0.9930592 -0.06256631 0
-0.1470237 0.01803929 0.1343351 1

-0.8921721 -0.06990071 0.4462551 0
0.4406454 0.08251295 0.8938813 0
-0.09930475 0.9941361 -0.04281439 0
0.1998936 0.01996338 0.0576556 1

0.9611896 -0.07737117 -0.2648174 0
0.01867789 0.9759176 -0.217338 0
0.2752557 0.2039568 0.9394871 0
0.03580315 1.717949 0.05973741 1

0.2290668 0.9540054 0.1933978 0
0.4973732 -0.2854972 0.8192139 0
0.8367488 -0.09146383 -0.5398946 0
-0.298211 1.140258 -0.08659875 1

0.0612772 -0.9974265 -0.03722509 0
-0.6275095 -0.0675003 0.7756776 0
-0.7761941 -0.02417221 -0.6300308 0
0.2848367 1.1085 -0.08628301 1

0.4637245 0.8362147 0.2927543 0
0.2115059 -0.4253612 0.8799622 0
0.8603634 -0.3461407 -0.3741148 0
-0.1748125 1.069426 0.1166485 1

0.1001324 -0.9946154 -0.02672068 0
-0.3759757 -0.06268824 0.9245067 0
-0.9212034 -0.08252673 -0.3802284 0
0.1291392 1.091752 0.1061779 1

0.4101452 0.911615 -0.02718564 0
0.7407605 -0.3155911 0.5930229 0
0.5320291 -0.2633637 -0.8047265 0
-0.1447435 1.076531 0.150679 1

0.3491018 0.9184079 0.186159 0
0.769857 -0.3943499 0.5018052 0
0.5342736 -0.03186531 -0.8447111 0
-0.1359349 1.054931 0.2172396 1

0.4482093 0.854233 0.263429 0
0.7757563 -0.5181174 0.3602176 0
0.4441967 0.04290381 -0.8949016 0
-0.147279 1.031169 0.2172892 1

0.4945429 0.8167637 0.2971948 0
0.7633548 -0.5716627 0.3008182 0
0.4155925 0.07809749 -0.906192 0
-0.1580591 1.010862 0.2130607 1

0.5723923 0.751483 0.3280864 0
0.6977623 -0.6565484 0.2864826 0
0.4306913 0.06494585 -0.9001598 0
-0.1708064 1.002149 0.1910556 1

0.01130619 -0.9897602 0.1422933 0
-0.7602751 0.08392294 0.6441576 0
-0.6495031 -0.115465 -0.751541 0
0.1020525 1.118874 0.1333551 1

0.1089035 -0.9936908 -0.0268118 0
-0.9443074 -0.1118415 0.3094758 0
-0.3105217 -0.008384449 -0.9505295 0
0.08500711 1.119848 0.2056045 1

0.09473725 -0.9954393 -0.01121594 0
-0.8877704 -0.08957712 0.4514865 0
-0.450432 -0.03281542 -0.8922077 0
0.08500578 1.09296 0.2176244 1

0.1583005 -0.9862955 -0.04650236 0
-0.9289567 -0.1647281 0.3315181 0
-0.3346349 -0.009280859 -0.9423023 0
0.08303975 1.07074 0.2201533 1

0.2267474 -0.9716095 -0.06753398 0
-0.9480154 -0.2360733 0.2133918 0
-0.2232764 0.01563723 -0.9746298 0
0.0998067 1.056011 0.1895968 1

0.4437979 0.8925052 0.08049037 0
0.7239599 -0.4100203 0.5547663 0
0.5281343 -0.1879324 -0.8281038 0
-0.1150749 1.071729 0.1718652 1

0.471983 0.8581789 0.2018952 0
0.8606921 -0.3989522 -0.3163013 0
-0.1908963 0.3230582 -0.9269262 0
-0.1103539 1.041434 0.2339286 1

0.5544801 0.790042 0.2615066 0
0.806556 -0.4327714 -0.4027119 0
-0.2049866 0.4342154 -0.8771763 0
-0.1203342 1.012911 0.2297883 1

0.5897477 0.7540296 0.2892016 0
0.7908207 -0.4666115 -0.3960763 0
-0.1637083 0.4622917 -0.8714849 0
-0.137038 0.9952089 0.2213522 1

0.6245854 0.7220945 0.2974443 0
0.7647817 -0.4884322 -0.4201705 0
-0.1581212 0.4899123 -0.8573121 0
-0.151632 0.9840298 0.1989226 1

-0.06808618 -0.9778243 0.1980511 0
-0.774446 0.1769475 0.6073904 0
-0.6289657 -0.1120249 -0.7693198 0
0.07399248 1.129585 0.1559598 1

0.1988739 -0.9795711 -0.02982965 0
-0.9463808 -0.1840505 -0.265498 0
0.2545838 0.08103064 -0.9636501 0
0.05324536 1.115844 0.2160158 1

0.1973945 -0.9800825 -0.02177323 0
-0.9562215 -0.1875989 -0.2246047 0
0.2160465 0.0651557 -0.9742068 0
0.05774939 1.090205 0.2314861 1

0.2252064 -0.9728746 -0.0528908 0
-0.9682549 -0.2174332 -0.1233098 0
0.1084648 0.07898188 -0.9909577 0
0.05968646 1.06663 0.2284871 1

0.3426161 -0.9384702 -0.0434552 0
-0.7884433 -0.262077 -0.5564824 0
0.5108534 0.2249217 -0.8297222 0
0.0715158 1.048934 0.1959644 1

0.3863803 0.9122604 0.1359851 0
0.7264629 -0.3918408 0.5645464 0
0.5682975 -0.1193415 -0.8141224 0
-0.08865538 1.056404 0.1921925 1

0.5328642 0.832109 0.1537887 0
0.6033787 -0.2462066 -0.7584965 0
-0.5932876 0.4969682 -0.6332714 0
-0.08176065 1.028363 0.2234846 1

0.6112853 0.7637196 0.2075168 0
0.5345395 -0.2050699 -0.8198868 0
-0.5836079 0.6121107 -0.5335941 0
-0.093382 0.9985732 0.2163926 1

0.651198 0.7230785 0.2304327 0
0.4851503 -0.1631492 -0.8590763 0
-0.5835844 0.671223 -0.457044 0
-0.1158562 0.98283 0.2108067 1

0.6695896 0.6975477 0.2551025 0
0.5400288 -0.221426 -0.8119975 0
-0.5099203 0.6814677 -0.5249602 0
-0.1323505 0.9719746 0.1884773 1

-0.1489296 -0.9661247 0.210769 0
-0.7409814 0.2501771 0.6231841 0
-0.654803 -0.06336534 -0.7531388 0
0.04615894 1.133795 0.1781023 1

0.2729255 -0.9617267 0.02437174 0
-0.5832562 -0.1855609 -0.7908095 0
0.7650648 0.2016169 -0.6115772 0
0.02339912 1.110125 0.20765 1

0.2621489 -0.9648486 0.01858841 0
-0.587433 -0.1748282 -0.7901632 0
0.7656373 0.1962208 -0.6126148 0
0.02710738 1.08445 0.2243058 1

0.2855594 -0.95793 -0.02874517 0
-0.7649546 -0.2097596 -0.6089708 0
0.5773216 0.195886 -0.7926717 0
0.03694321 1.061604 0.2255972 1

0.3875786 -0.9217381 0.01350264 0
-0.371696 -0.1696638 -0.9127194 0
0.8435785 0.3487314 -0.4083642 0
0.05118662 1.042304 0.1816505 1

0.3863803 0.9122604 0.1359851 0
0.7264629 -0.3918408 0.5645464 0
0.5682975 -0.1193415 -0.8141224 0
-0.07063533 1.038953 0.2073295 1

0.5328642 0.832109 0.1537887 0
0.6033787 -0.2462066 -0.7584965 0
-0.5932876 0.4969682 -0.6332714 0
-0.06540865 1.021889 0.2030844 1

0.6112853 0.7637196 0.2075168 0
0.5345395 -0.2050699 -0.8198868 0
-0.5836079 0.6121107 -0.5335941 0
-0.07843594 0.9929526 0.1935979 1

0.651198 0.7230785 0.2304327 0
0.4851503 -0.1631492 -0.8590763 0
-0.5835844 0.671223 -0.457044 0
-0.1047173 0.9789115 0.1908291 1

0.6695896 0.6975477 0.2551025 0
0.5400288 -0.221426 -0.8119975 0
-0.5099203 0.6814677 -0.5249602 0
-0.122782 0.9678845 0.1738736 1

-0.1489296 -0.9661247 0.210769 0
-0.7409814 0.2501771 0.6231841 0
-0.654803 -0.06336534 -0.7531388 0
0.02505868 1.13529 0.1963219 1

0.2729255 -0.9617267 0.02437174 0
-0.5832562 -0.1855609 -0.7908095 0
0.7650648 0.2016169 -0.6115772 0
0.008443681 1.105532 0.1874269 1

0.2621489 -0.9648486 0.01858841 0
-0.587433 -0.1748282 -0.7901632 0
0.7656373 0.1962208 -0.6126148 0
0.01462464 1.080478 0.2074328 1

0.2855594 -0.95793 -0.02874517 0
-0.7649546 -0.2097596 -0.6089708 0
0.5773216 0.195886 -0.7926717 0
0.02462901 1.058113 0.2157658 1

0.3875786 -0.9217381 0.01350264 0
-0.371696 -0.1696638 -0.9127194 0
0.8435785 0.3487314 -0.4083642 0
0.04414307 1.03899 0.1642708 1

0.9981172 -0.01675805 -0.0590013 0
0.01691635 0.9998545 0.002184516 0
0.05895611 -0.003178489 0.9982555 0
-0.001140053 0.8711654 0.005201469 1

0.9987369 -0.01560788 -0.04775832 0
0.01306684 0.9985057 -0.05306334 0
0.04851516 0.05237227 0.9974484 0
0.0001380373 0.9798925 -0.004058849 1

-0.9971671 -0.075194 -0.001973733 0
0.0701752 -0.9394183 0.3355131 0
-0.02708274 0.334424 0.9420335 0
-0.1363406 0.8130469 0.005720539 1

-0.9784585 0.0634937 0.1964378 0
-0.00194792 -0.9543265 0.29876 0
0.2064351 0.2919416 0.9338921 0
0.1311187 0.8085579 -0.01079411 1

0.9996245 -0.012338 -0.02446313 0
0.01219191 0.999907 -0.00611196 0
0.02453627 0.005811415 0.9996821 0
0.001801659 1.107019 -0.01081468 1

-0.9981931 0.05623249 -0.02118289 0
-0.03326117 -0.8106431 -0.5845954 0
-0.05004503 -0.5828345 0.8110484 0
-0.1075234 0.4272771 0.1434982 1

-0.9434399 -0.1490295 0.2961615 0
-0.07818291 -0.7680839 -0.6355585 0
0.3221938 -0.6227661 0.7129893 0
0.1303188 0.4166633 0.1118918 1

0.9999459 -0.01035359 -0.0009413548 0
0.01038338 0.9991136 0.04079093 0
0.0005181879 -0.04079849 0.9991673 0
0.003575636 1.252509 -0.011704 1

-0.9905287 0.1238976 -0.05918234 0
-0.1265464 -0.6564864 0.7436478 0
0.05328373 0.7440938 0.6659472 0
-0.1197245 0.1299103 -0.07094789 1

-0.896091 -0.1004125 0.432364 0
0.379957 -0.6770856 0.6302286 0
0.2294644 0.729022 0.6448824 0
0.1016494 0.135009 -0.1211658 1

0.9990184 0.02444063 -0.03694514 0
-0.02233006 0.9981529 0.05649876 0
0.03825777 -0.0556183 0.9977189 0
0.005275317 1.416057 -0.005026839 1

0.1088881 -0.05915931 0.9922921 0
-0.9820248 -0.1612269 0.09814943 0
0.1541776 -0.9851428 -0.07565171 0
-0.07164744 1.395922 -0.009248937 1

0.03519808 0.05492535 -0.99787 0
0.9473858 -0.3197029 0.01582019 0
-0.3181528 -0.9459246 -0.06328852 0
0.08175536 1.393928 -0.006248747 1

-0.9922137 0.09516281 -0.08035243 0
-0.07359794 0.07248352 0.9946505 0
0.100478 0.9928196 -0.06491534 0
-0.1422599 0.01300311 0.0614811 1

-0.8910973 -0.06733061 0.44879 0
0.4428611 0.0869267 0.8923665 0
-0.09909548 0.9939371 -0.04764216 0
0.1694672 0.01415712 -0.00867735 1

0.961732 -0.07886858 -0.2623948 0
0.01956226 0.9749964 -0.2213571 0
0.2732921 0.2077532 0.9392284 0
0.004836554 1.475763 0.02260682 1

0.328858 -0.4925045 0.8057865 0
-0.3972043 -0.8462375 -0.3551213 0
0.8567854 -0.2032773 -0.473917 0
-0.1928653 1.358878 -0.0008606692 1

0.4651335 0.4738248 -0.7477571 0
0.3640428 -0.8723454 -0.326323 0
-0.8069224 -0.1204318 -0.5782497 0
0.1958946 1.338629 -0.01523092 1

-0.9922137 0.09516281 -0.08035243 0
-0.07359794 0.07248352 0.9946505 0
0.100478 0.9928196 -0.06491534 0
-0.1475637 0.01822662 0.1331595 1

-0.8910973 -0.06733061 0.44879 0
0.4428611 0.0869267 0.8923665 0
-0.09909548 0.9939371 -0.04764216 0
0.2016522 0.02047461 0.05617548 1

0.961732 -0.07886858 -0.2623948 0
0.01956226 0.9749964 -0.2213571 0
0.2732921 0.2077532 0.9392284 0
0.03514965 1.726479 0.05835249 1

0.2208918 0.958319 0.1811951 0
0.5102494 -0.2718829 0.8159199 0
0.8311753 -0.08777525 -0.5490385 0
-0.2996715 1.149641 -0.08504478 1

0.05771432 -0.9981894 -0.01695867 0
-0.6459219 -0.05028809 0.7617456 0
-0.7612189 -0.0330095 -0.6476544 0
0.2872342 1.116344 -0.08245628 1

0.4544403 0.84676 0.2765537 0
0.218401 -0.4069012 0.8869794 0
0.8635886 -0.3426795 -0.3698456 0
-0.1730784 1.082187 0.1173852 1

0.07695228 -0.9970343 0.001426897 0
-0.4030112 -0.02979574 0.9147101 0
-0.9119543 -0.07096393 -0.4041087 0
0.1269683 1.103867 0.1065478 1

0.3997435 0.9155248 -0.04494317 0
0.7444566 -0.2956632 0.5986382 0
0.5347797 -0.2727599 -0.799758 0
-0.1430226 1.090258 0.1512114 1

0.337664 0.9260792 0.1684064 0
0.7765675 -0.3751901 0.506138 0
0.5319082 -0.04012562 -0.8458509 0
-0.1338168 1.069968 0.2181291 1

0.4359978 0.8656883 0.2459467 0
0.7855525 -0.4994332 0.3653404 0
0.4391048 0.0339165 -0.8977956 0
-0.1448793 1.046079 0.2186335 1

0.4849345 0.8281433 0.2811011 0
0.7723067 -0.5563295 0.3066592 0
0.4103426 0.06838656 -0.9093638 0
-0.1554278 1.025573 0.2147968 1

0.5647117 0.7636033 0.313067 0
0.7070872 -0.6432908 0.2936062 0
0.4255917 0.05556274 -0.9032081 0
-0.1681184 1.016314 0.1929823 1

-0.01477922 -0.9857711 0.1674456 0
-0.7742181 0.117256 0.6219629 0
-0.6327465 -0.1204472 -0.7649343 0
0.09979249 1.132311 0.1322441 1

0.08342579 -0.9965116 0.002309722 0
-0.9549881 -0.07928688 0.2858519 0
-0.2846715 -0.02605311 -0.9582711 0
0.08076686 1.135565 0.2039302 1

0.06849416 -0.997485 0.0182521 0
-0.9008085 -0.05397178 0.4308496 0
-0.4287808 -0.04595225 -0.9022394 0
0.07978529 1.109007 0.2166245 1

0.1352087 -0.9906769 -0.01669091 0
-0.9411512 -0.1336792 0.3104259 0
-0.3097629 -0.02626354 -0.9504513 0
0.0772171 1.086912 0.2196602 1

0.2046302 -0.9781685 -0.03624612 0
-0.959048 -0.2077638 0.1925127 0
-0.1958405 -0.004632149 -0.980625 0
0.09447165 1.071005 0.1899782 1

0.4334731 0.8989739 0.06282682 0
0.7288206 -0.3907235 0.5622772 0
0.5300206 -0.1979427 -0.8245588 0
-0.1132957 1.086203 0.1724718 1

0.4612401 0.867807 0.1848494 0
0.8650795 -0.3935268 -0.3110856 0
-0.1972189 0.3033944 -0.9322321 0
-0.1080076 1.057107 0.2349693 1

0.543317 0.8031106 0.244582 0
0.8111379 -0.4270517 -0.3996023 0
-0.2164755 0.4155004 -0.8834579 0
-0.1175902 1.028468 0.2313151 1

0.5809492 0.7665453 0.2736909 0
0.7951272 -0.4625987 -0.3921422 0
-0.1739855 0.4454337 -0.878247 0
-0.1341614 1.010342 0.2232477 1

0.6175748 0.7340795 0.2823632 0
0.7676867 -0.4845302 -0.4193898 0
-0.1710518 0.475771 -0.8627767 0
-0.1486869 0.9985598 0.2010462 1

-0.09526458 -0.9706529 0.2208132 0
-0.7853381 0.2095915 0.5825081 0
-0.6116935 -0.1179205 -0.7822571 0
0.07142039 1.144217 0.1538384 1

0.1734681 -0.9848389 0.001329995 0
-0.9440489 -0.1666677 -0.2845939 0
0.2805007 0.04811235 -0.9586473 0
0.04863935 1.132656 0.2135534 1

0.1713071 -0.9851695 0.009775757 0
-0.9558588 -0.1685982 -0.2406429 0
0.2387222 0.03187956 -0.9705648 0
0.05212846 1.107345 0.2298528 1

0.2023991 -0.9790642 -0.02164216 0
-0.9699074 -0.1973542 -0.1425875 0
0.135331 0.04985042 -0.9895458 0
0.053558 1.083583 0.2274629 1

0.3206116 -0.9471612 -0.009727386 0
-0.7787523 -0.2577317 -0.5719433 0
0.5392154 0.1909468 -0.8202357 0
0.06585076 1.064773 0.1957235 1

0.3773898 0.9182507 0.1199708 0
0.7303886 -0.3747859 0.5710238 0
0.5693063 -0.1278732 -0.8121202 0
-0.08669465 1.071584 0.1930804 1

0.5222336 0.8416895 0.1372269 0
0.6056407 -0.2527588 -0.754528 0
-0.6003927 0.4771501 -0.6417604 0
-0.0792709 1.044218 0.2246951 1

0.6001806 0.776764 0.1908438 0
0.5338972 -0.2113775 -0.8187024 0
-0.5955982 0.5932601 -0.5415768 0
-0.0904865 1.014323 0.2180212 1

0.6424007 0.7354882 0.2153564 0
0.4843366 -0.1718555 -0.8578367 0
-0.5939184 0.6553798 -0.4666241 0
-0.1128655 0.9980715 0.2128056 1

0.6624188 0.7095799 0.2402044 0
0.5374461 -0.2267708 -0.8122357 0
-0.5218745 0.6671371 -0.5315783 0
-0.1293343 0.9866049 0.190617 1

-0.1772775 -0.9563464 0.2323252 0
-0.7502523 0.2841032 0.5969986 0
-0.6369414 -0.06846804 -0.767866 0
0.04313864 1.14961 0.1751407 1

0.2464745 -0.9674883 0.05671977 0
-0.5694873 -0.1919392 -0.7992772 0
0.7841777 0.1647001 -0.5982804 0
0.0188688 1.127485 0.2045829 1

0.2355544 -0.9705145 0.05114803 0
-0.5747049 -0.1815417 -0.7979708 0
0.7837275 0.1585703 -0.6005223 0
0.02150463 1.102199 0.2221515 1

0.2624032 -0.9649518 0.003619594 0
-0.754654 -0.2075509 -0.622431 0
0.6013669 0.1605963 -0.7826667 0
0.03077778 1.079028 0.2241181 1

0.3643514 -0.9300226 0.04802845 0
-0.3501984 -0.184619 -0.9183013 0
0.8629075 0.3177648 -0.3929585 0
0.04577359 1.058255 0.1810076 1

0.3773898 0.9182507 0.1199708 0
0.7303886 -0.3747859 0.5710238 0
0.5693063 -0.1278732 -0.8121202 0
-0.06850076 1.054577 0.2085123 1

0.5222336 0.8416895 0.1372269 0
0.6056407 -0.2527588 -0.754528 0
-0.6003927 0.4771501 -0.6417604 0
-0.06285997 1.037569 0.2043987 1

0.6001806 0.776764 0.1908438 0
0.5338972 -0.2113775 -0.8187024 0
-0.5955982 0.5932601 -0.5415768 0
-0.07555958 1.008529 0.1952576 1

0.6424007 0.7354882 0.2153564 0
0.4843366 -0.1718555 -0.8578367 0
-0.5939184 0.6553798 -0.4666241 0
-0.1017439 0.9939487 0.1928594 1

0.6624188 0.7095799 0.2402044 0
0.5374461 -0.2267708 -0.8122357 0
-0.5218745 0.6671371 -0.5315783 0
-0.1198109 0.982417 0.1760115 1

-0.1772775 -0.9563464 0.2323252 0
-0.7502523 0.2841032 0.5969986 0
-0.6369414 -0.06846804 -0.767866 0
0.02162772 1.152087 0.192763 1

0.2464745 -0.9674883 0.05671977 0
-0.5694873 -0.1919392 -0.7992772 0
0.7841777 0.1647001 -0.5982804 0
0.004269536 1.12273 0.1841383 1

0.2355544 -0.9705145 0.05114803 0
-0.5747049 -0.1815417 -0.7979708 0
0.7837275 0.1585703 -0.6005223 0
0.009287195 1.098082 0.2051197 1

0.2624032 -0.9649518 0.003619594 0
-0.754654 -0.2075509 -0.622431 0
0.6013669 0.1605963 -0.7826667 0
0.01862721 1.075572 0.2140731 1

0.3643514 -0.9300226 0.04802845 0
-0.3501984 -0.184619 -0.9183013 0
0.8629075 0.3177648 -0.3929585 0
0.03913734 1.054657 0.1635247 1

0.9981256 -0.0125289 -0.05990357 0
0.01298646 0.9998894 0.007255096 0
0.05980604 -0.008019431 0.9981778 0
-0.001440072 0.88425 0.006662964 1

0.998744 -0.01274034 -0.04845879 0
0.01025321 0.9986342 -0.05123145 0
0.04904531 0.05067024 0.9975104 0
-0.0005972977 0.993027 -0.002045378 1

-0.9969766 -0.07753436 -0.005127259 0
0.07175171 -0.9439305 0.322253 0
-0.02982546 0.3209108 0.9466397 0
-0.1364106 0.8255979 0.006997263 1

-0.9771821 0.05788452 0.2043631 0
0.00212819 -0.9594327 0.2819293 0
0.212392 0.2759312 0.9374176 0
0.1310504 0.8222457 -0.009759148 1

0.9996275 -0.01168433 -0.02466516 0
0.01145792 0.9998911 -0.009300957 0
0.02477115 0.009014877 0.9996526 0
0.0007081029 1.120169 -0.008567977 1

-0.998176 0.05815227 -0.0162226 0
-0.03886308 -0.8245454 -0.5644594 0
-0.04620087 -0.5627994 0.8253014 0
-0.1069459 0.4379751 0.1393297 1

-0.9389909 -0.1532604 0.3079079 0
-0.0725347 -0.7868575 -0.6128572 0
0.3362063 -0.5978013 0.7277355 0
0.1319243 0.4282542 0.1060153 1

0.9999303 -0.01178914 -0.0007415563 0
0.01180706 0.9993981 0.03262204 0
0.0003565252 -0.03262851 0.9994676 0
0.00237528 1.265658 -0.009921308 1

-0.9910748 0.1222938 -0.05305758 0
-0.1229973 -0.6853955 0.7177081 0
0.05140581 0.7178283 0.6943201 0
-0.121202 0.1355086 -0.06772995 1

-0.8992479 -0.08249204 0.4295908 0
0.3541896 -0.7136371 0.6043772 0
0.2567156 0.6956414 0.6709547 0
0.1053261 0.1397157 -0.1187178 1

0.9990742 0.02150037 -0.03726242 0
-0.01976455 0.9987301 0.04634204 0
0.03821147 -0.04556266 0.9982305 0
0.004308005 1.429252 -0.004581335 1

0.1127512 -0.05148258 0.9922887 0
-0.9825979 -0.1541348 0.1036532 0
0.1476099 -0.9867078 -0.0679656 0
-0.07264301 1.409193 -0.008647524 1

0.04294865 0.04759775 -0.9979429 0
0.9428464 -0.3323091 0.02472769 0
-0.3304485 -0.9419687 -0.05914967 0
0.08075646 1.407005 -0.005613475 1

-0.9928731 0.09166439 -0.07616348 0
-0.0693184 0.07567821 0.9947199 0
0.0969443 0.9929103 -0.06878484 0
-0.1431054 0.0134533 0.06007968 1

-0.8934224 -0.04639889 0.4468148 0
0.4420416 0.08626649 0.8928367 0
-0.07997174 0.9951909 -0.05656213 0
0.1685448 0.01233989 -0.01084358 1

0.9619557 -0.08220558 -0.2605446 0
0.02260612 0.9743376 -0.2239535 0
0.2722687 0.2095435 0.939128 0
0.004025046 1.489237 0.02244347 1

0.3366257 -0.4947247 0.8012058 0
-0.4033205 -0.8446161 -0.3520747 0
0.8508913 -0.2046253 -0.4838522 0
-0.1940562 1.372994 0.000565296 1

0.475178 0.4749309 -0.7407067 0
0.3823571 -0.8696358 -0.3123087 0
-0.7924702 -0.1348123 -0.5948251 0
0.1941987 1.350114 -0.0134084 1

-0.9928731 0.09166439 -0.07616348 0
-0.0693184 0.07567821 0.9947199 0
0.0969443 0.9929103 -0.06878484 0
-0.1481008 0.01890695 0.1317631 1

-0.8934224 -0.04639889 0.4468148 0
0.4420416 0.08626649 0.8928367 0
-0.07997174 0.9951909 -0.05656213 0
0.2006702 0.01860934 0.0540434 1

0.9619557 -0.08220558 -0.2605446 0
0.02260612 0.9743376 -0.2239535 0
0.2722687 0.2095435 0.939128 0
0.03496378 1.739965 0.05756402 1

0.212954 0.9636939 0.1610754 0
0.525861 -0.2519884 0.8123867 0
0.8234811 -0.08829776 -0.5604311 0
-0.3023334 1.164174 -0.08276927 1

0.05091716 -0.9986078 0.01378548 0
-0.6653906 -0.0236271 0.7461216 0
-0.7447571 -0.04716315 -0.6656671 0
0.2898575 1.128606 -0.07709786 1

0.4489853 0.8571365 0.2524477 0
0.2302239 -0.3839565 0.8941893 0
0.863371 -0.3433583 -0.3697242 0
-0.171867 1.101655 0.1187842 1

0.05420882 -0.9978094 0.03792237 0
-0.4300064 0.01094861 0.9027597 0
-0.901197 -0.06524442 -0.4284708 0
0.1247611 1.122744 0.1080296 1

0.3909838 0.9177077 -0.07031763 0
0.7517957 -0.2743538 0.599611 0
0.5309758 -0.2873026 -0.7971966 0
-0.1415828 1.110792 0.1521321 1

0.3293514 0.9333203 0.1429741 0
0.7854539 -0.3548528 0.5070918 0
0.5240135 -0.05471191 -0.849951 0
-0.1315819 1.092163 0.2194178 1

0.4275004 0.876709 0.2205118 0
0.7957955 -0.4806838 0.3683107 0
0.4288976 0.01802923 -0.9031733 0
-0.1424154 1.068192 0.2205832 1

0.4791867 0.839253 0.2569731 0
0.7810473 -0.5412979 0.3113872 0
0.4004315 0.05149542 -0.9148787 0
-0.1528059 1.047507 0.2173253 1

0.5607169 0.7755591 0.2900089 0
0.7155499 -0.6301057 0.3015883 0
0.4166358 0.03841006 -0.9082618 0
-0.1656064 1.037623 0.1958519 1

-0.039875 -0.9789435 0.2001996 0
-0.7878834 0.1540292 0.5962507 0
-0.6145322 -0.1339584 -0.7774354 0
0.09750289 1.152652 0.1319127 1

0.0578889 -0.9975318 0.03974493 0
-0.9646108 -0.04563127 0.2596999 0
-0.2572454 -0.05337224 -0.9648712 0
0.07648006 1.158822 0.2028452 1

0.04230143 -0.9975373 0.05594492 0
-0.9134252 -0.01592589 0.4066952 0
-0.4048028 -0.06830532 -0.9118494 0
0.07452685 1.132751 0.2164081 1

0.1125562 -0.9934127 0.02150574 0
-0.9522925 -0.1016678 0.2877548 0
-0.2836727 -0.05286836 -0.9574628 0
0.07137015 1.110837 0.220122 1

0.1827285 -0.9831572 0.003541945 0
-0.9688007 -0.1794444 0.1709534 0
-0.1674384 -0.03466959 -0.9852728 0
0.08911453 1.093532 0.1915311 1

0.4252403 0.9043289 0.03688603 0
0.7370131 -0.3696436 0.5658404 0
0.5253404 -0.2134326 -0.8236895 0
-0.1116546 1.107521 0.1732445 1

0.4535922 0.8768026 0.1595992 0
0.8663936 -0.3918675 -0.3095195 0
-0.2088455 0.2786711 -0.937404 0
-0.105473 1.079979 0.2362989 1

0.5355579 0.8154864 0.2194541 0
0.8122631 -0.4263063 -0.3981105 0
-0.2310988 0.3914655 -0.890701 0
-0.1147672 1.051234 0.2333743 1

0.575709 0.7784941 0.2500131 0
0.7959502 -0.463602 -0.3892773 0
-0.1871433 0.4231082 -0.8865421 0
-0.1312996 1.03269 0.2259043 1

0.6138272 0.7456328 0.259323 0
0.7674403 -0.4865979 -0.4174428 0
-0.1850728 0.4552523 -0.8709152 0
-0.1459417 1.020231 0.2041369 1

-0.1214189 -0.9603927 0.2508059 0
-0.7960128 0.2451591 0.5534086 0
-0.5929769 -0.1324504 -0.7942516 0
0.06882129 1.165859 0.1523087 1

0.14784 -0.9881639 0.04093505 0
-0.9401779 -0.1532651 -0.3042628 0
0.3069352 0.00649592 -0.9517085 0
0.0440225 1.157045 0.2115971 1

0.1451342 -0.9881574 0.04980947 0
-0.9538572 -0.1531157 -0.2582869 0
0.2628547 -0.01002485 -0.9647835 0
0.0464825 1.132257 0.228895 1

0.1798963 -0.9835203 0.01804285 0
-0.9701678 -0.1804248 -0.1619301 0
0.1625169 0.01162601 -0.9866374 0
0.04743176 1.108312 0.2273537 1

0.2986268 -0.9538183 0.03244761 0
-0.7674522 -0.2602107 -0.5859247 0
0.5673088 0.1500708 -0.8097159 0
0.06020187 1.088144 0.1966341 1

0.3710425 0.923633 0.09607159 0
0.7377615 -0.356031 0.5735416 0
0.5639465 -0.1419306 -0.8135235 0
-0.08475035 1.093674 0.1939919 1

0.5142783 0.8502443 0.1122628 0
0.6026754 -0.2651578 -0.7526449 0
-0.6101644 0.4547268 -0.6487858 0
-0.07669403 1.067147 0.2260724 1

0.5921187 0.7886004 0.1658472 0
0.5284446 -0.2246 -0.8187196 0
-0.608393 0.5724201 -0.5497209 0
-0.08762687 1.037115 0.2201272 1

0.636773 0.746761 0.1920111 0
0.4787449 -0.1877079 -0.8576535 0
-0.60442 0.6380551 -0.4770351 0
-0.1099824 1.020394 0.2155361 1

0.6583021 0.7206864 0.2173708 0
0.5313086 -0.240288 -0.8123875 0
-0.5332447 0.6502871 -0.5410885 0
-0.1265961 1.008227 0.1937511 1

-0.2048644 -0.9433498 0.2610021 0
-0.7592459 0.3214477 0.5658774 0
-0.6177186 -0.08223673 -0.7820876 0
0.04010136 1.172545 0.1726355 1

0.2196648 -0.9706938 0.09747193 0
-0.5541807 -0.2063842 -0.8064055 0
0.8028895 0.1231218 -0.5832751 0
0.0143761 1.152297 0.2020034 1

0.2087152 -0.973618 0.09222765 0
-0.5598307 -0.1962689 -0.8050269 0
0.8018902 0.1163896 -0.5860258 0
0.01592925 1.127607 0.2206192 1

0.2394537 -0.9698933 0.04437647 0
-0.7430174 -0.2124787 -0.6346482 0
0.6249699 0.1189963 -0.7715263 0
0.02464721 1.104155 0.2235517 1

0.3410472 -0.9356428 0.09088089 0
-0.3272808 -0.2088095 -0.9215674 0
0.8812346 0.2845543 -0.3774319 0
0.04041812 1.081564 0.1815535 1

0.3710425 0.923633 0.09607159 0
0.7377615 -0.356031 0.5735416 0
0.5639465 -0.1419306 -0.8135235 0
-0.06630274 1.077164 0.2096605 1

0.5142783 0.8502443 0.1122628 0
0.6026754 -0.2651578 -0.7526449 0
-0.6101644 0.4547268 -0.6487858 0
-0.06036446 1.060166 0.2058219 1

0.5921187 0.7886004 0.1658472 0
0.5284446 -0.2246 -0.8187196 0
-0.608393 0.5724201 -0.5497209 0
-0.0728526 1.030953 0.1973604 1

0.636773 0.746761 0.1920111 0
0.4787449 -0.1877079 -0.8576535 0
-0.60442 0.6380551 -0.4770351 0
-0.09898945 1.015901 0.1955985 1

0.6583021 0.7206864 0.2173708 0
0.5313086 -0.240288 -0.8123875 0
-0.5332447 0.6502871 -0.5410885 0
-0.1171821 1.003795 0.1791469 1

-0.2048644 -0.9433498 0.2610021 0
-0.7592459 0.3214477 0.5658774 0
-0.6177186 -0.08223673 -0.7820876 0
0.01819154 1.176116 0.1895651 1

0.2196648 -0.9706938 0.09747193 0
-0.5541807 -0.2063842 -0.8064055 0
0.8028895 0.1231218 -0.5832751 0
0.0001724241 1.147173 0.1813701 1

0.2087152 -0.973618 0.09222765 0
-0.5598307 -0.1962689 -0.8050269 0
0.8018902 0.1163896 -0.5860258 0
0.004022921 1.123175 0.2034468 1

0.2394537 -0.9698933 0.04437647 0
-0.7430174 -0.2124787 -0.6346482 0
0.6249699 0.1189963 -0.7715263 0
0.01268191 1.100619 0.2133141 1

0.3410472 -0.9356428 0.09088089 0
-0.3272808 -0.2088095 -0.9215674 0
0.8812346 0.2845543 -0.3774319 0
0.03421621 1.077504 0.1640122 1

0.9980409 -0.007847769 -0.06207174 0
0.008639051 0.9998847 0.01248977 0
0.06196657 -0.01300154 0.9979935 0
-0.001939979 0.9015238 0.008786665 1

0.9986886 -0.009807396 -0.05024738 0
0.007309746 0.9987398 -0.04965186 0
0.05067102 0.04921945 0.9975019 0
-0.001590379 1.010348 0.0006491523 1

-0.9967956 -0.0793068 -0.01043924 0
0.07235197 -0.9495496 0.3051572 0
-0.0341136 0.303424 0.9522448 0
-0.1366523 0.8422809 0.009096691 1

-0.9749429 0.05096845 0.2165385 0
0.006783118 -0.9661353 0.2579475 0
0.2223526 0.2529529 0.9415807 0
0.1307845 0.8401868 -0.008240672 1

0.9996102 -0.01133497 -0.02551268 0
0.01100276 0.9998534 -0.01312437 0
0.02565771 0.01283854 0.9995883 0
-0.0006597291 1.137504 -0.005672337 1

-0.9982715 0.05803291 -0.00928646 0
-0.04406485 -0.8436261 -0.5351202 0
-0.03888887 -0.5337861 0.844725 0
-0.1069412 0.4523507 0.1344087 1

-0.9353412 -0.1529802 0.318958 0
-0.06390144 -0.8137536 -0.5776867 0
0.3479278 -0.560716 0.7513613 0
0.13357 0.4434429 0.09768561 1

0.9999031 -0.01389768 -0.0007286705 0
0.01391095 0.9996284 0.02344425 0
0.0004025772 -0.0234521 0.9997249 0
0.0009412204 1.282987 -0.007581994 1

-0.9924675 0.1136459 -0.04575144 0
-0.1145476 -0.7283937 0.6755157 0
0.04344449 0.6756681 0.7359248 0
-0.1231054 0.1428849 -0.06188843 1

-0.9039123 -0.0546299 0.4242149 0
0.3141095 -0.7579605 0.5716916 0
0.2903066 0.6500092 0.7022893 0
0.1101375 0.1450416 -0.1141505 1

0.9991226 0.01803188 -0.03780427 0
-0.01675953 0.9992912 0.03370721 0
0.03838527 -0.03304405 0.9987166 0
0.003218336 1.446618 -0.003744352 1

0.1139177 -0.0427006 0.9925722 0
-0.9830649 -0.149201 0.1064079 0
0.1435491 -0.9878846 -0.05897415 0
-0.07377513 1.426684 -0.007618874 1

0.04908287 0.03900374 -0.9980329 0
0.9371879 -0.3473062 0.03251763 0
-0.3453547 -0.9369403 -0.05360069 0
0.07961974 1.424202 -0.004579498 1

-0.9941532 0.08060473 -0.07184975 0
-0.06586068 0.07465106 0.9950325 0
0.08556796 0.9939469 -0.06890585 0
-0.143504 0.01317239 0.05840756 1

-0.8962897 -0.01938262 0.4430455 0
0.4425132 0.02647647 0.8963709 0
-0.02910428 0.9994617 -0.01515355 0
0.1662024 0.009754539 -0.01211026 1

0.9618428 -0.08718576 -0.2593399 0
0.02748997 0.9738684 -0.2254432 0
0.2722184 0.2097117 0.939105 0
0.003123396 1.506941 0.02251939 1

0.3431615 -0.4971188 0.79694 0
-0.4145971 -0.8415009 -0.34639 0
0.8428224 -0.2115413 -0.4948748 0
-0.1953199 1.391062 0.002094202 1

0.4843395 0.4732863 -0.7358095 0
0.4022917 -0.8673325 -0.2930799 0
-0.7769021 -0.1540598 -0.6104825 0
0.192165 1.365424 -0.01130445 1

-0.9941532 0.08060473 -0.07184975 0
-0.06586068 0.07465106 0.9950325 0
0.08556796 0.9939469 -0.06890585 0
-0.1482502 0.01855206 0.1301135 1

-0.8962897 -0.01938262 0.4430455 0
0.4425132 0.02647647 0.8963709 0
-0.02910428 0.9994617 -0.01515355 0
0.1983621 0.01167876 0.0530336 1

0.9618428 -0.08718576 -0.2593399 0
0.02748997 0.9738684 -0.2254432 0
0.2722184 0.2097117 0.939105 0
0.0352155 1.757573 0.05728453 1

0.2063785 0.9693332 0.1334234 0
0.5434358 -0.2269448 0.8081917 0
0.8136867 -0.09428631 -0.5736069 0
-0.3063354 1.183082 -0.07972296 1

0.04063405 -0.9977204 0.05388679 0
-0.6855338 0.01139699 0.7279519 0
-0.7269063 -0.06652083 -0.6835077 0
0.2925488 1.144666 -0.07013939 1

0.4484117 0.8660027 0.2212837 0
0.2459484 -0.3575575 0.9009233 0
0.8593235 -0.3495599 -0.373325 0
-0.1715088 1.126777 0.1207897 1

0.03494664 -0.995985 0.08242054 0
-0.4570965 0.05741 0.8875628 0
-0.8887304 -0.06869143 -0.4532548 0
0.1224545 1.147494 0.1104798 1

0.3851889 0.9171526 -0.1022791 0
0.7619882 -0.2535707 0.5958828 0
0.5205802 -0.3074629 -0.796532 0
-0.1407616 1.13699 0.1533931 1

0.3253917 0.9390692 0.110768 0
0.7956502 -0.3352111 0.5045537 0
0.5109416 -0.07604499 -0.8562454 0
-0.1296292 1.12031 0.2210115 1

0.4238231 0.8860143 0.1880246 0
0.8055779 -0.4636329 0.3689025 0
0.4140273 -0.004880927 -0.9102516 0
-0.1403201 1.09633 0.2230174 1

0.4783015 0.8487092 0.2256557 0
0.7886738 -0.5281481 0.3147277 0
0.386292 0.0274341 -0.9219688 0
-0.1506531 1.075512 0.2205031 1

0.5613278 0.7857886 0.2597072 0
0.7222306 -0.6183457 0.3098902 0
0.4040968 0.01361849 -0.9146151 0
-0.1637321 1.064968 0.1995172 1

-0.06111212 -0.968816 0.240128 0
-0.8018442 0.1909194 0.5662119 0
-0.5943999 -0.1579428 -0.7885068 0
0.09502595 1.178865 0.1321919 1

0.03548346 -0.995744 0.08506107 0
-0.9729994 -0.01499776 0.2303209 0
-0.2280647 -0.09093692 -0.96939 0
0.0719627 1.188466 0.2021016 1

0.01935839 -0.9946632 0.101344 0
-0.9256523 0.02048021 0.3778215 0
-0.3778805 -0.1011233 -0.9203156 0
0.06912445 1.163046 0.216704 1

0.09339474 -0.9933193 0.06778416 0
-0.962171 -0.07254536 0.2626113 0
-0.2559392 -0.08974645 -0.9625181 0
0.06545953 1.14137 0.221255 1

0.1640749 -0.9850994 0.05156738 0
-0.9767636 -0.1549346 0.1480825 0
-0.1378862 -0.07466574 -0.9876299 0
